filter
65537
9
192
0 9 57727
0 38 24773
0 58 22302
0 70 12955
0 97 1793
0 119 25624
1 18 57727
1 30 16524
1 78 24773
1 99 51832
1 150 22302
1 156 12955
2 26 60340
2 46 31468
2 68 44348
2 106 24773
2 134 36609
2 139 58959
3 33 31717
3 61 20168
3 123 24773
3 147 48487
3 159 13527
4 39 50698
4 57 48087
4 60 41977
4 96 9448
4 109 790
5 44 49940
5 45 4779
5 105 29070
5 135 24773
5 164 34748
5 165 4762
6 42 10461
6 47 6544
6 107 20754
6 138 24773
7 41 41365
7 49 52208
7 104 12793
7 140 24773
7 162 23225
7 167 34508
8 23 7419
8 53 40764
8 92 55196
8 115 44669
8 132 35506
9 0 1
9 34 38820
9 40 32130
10 9 57863
10 58 9074
10 70 5505
10 97 15482
10 119 18625
11 66 49458
11 86 34259
11 101 10919
11 173 24773
12 55 18509
12 73 35843
12 94 52440
12 117 62963
13 79 30399
13 121 21718
13 149 22974
13 151 32861
14 84 17334
14 85 61432
14 125 60325
14 131 9138
14 172 49904
14 183 24773
15 65 35459
15 82 5293
15 87 38067
15 91 49813
16 81 47609
16 89 39178
16 127 35976
16 128 55916
16 171 53208
16 186 24773
17 63 48070
17 103 28003
17 129 47234
17 145 40764
17 168 53295
18 1 1
18 59 32510
18 67 32644
18 74 58442
18 80 46969
19 9 27544
19 58 58712
19 70 7870
19 97 17596
19 119 37596
20 63 28494
20 103 40102
20 129 2762
20 168 59388
21 42 17823
21 47 13233
21 107 28223
22 111 20496
22 112 26811
22 142 35511
22 180 46181
23 8 52431
23 39 3885
23 57 59888
23 60 54171
23 96 4427
23 109 63634
24 108 13281
24 114 40230
24 143 17006
24 181 42571
25 55 62095
25 73 43623
25 94 2678
25 117 19427
26 2 1
26 51 23404
26 72 41984
26 90 64642
26 98 56605
27 9 26862
27 58 58979
27 70 43364
27 97 4686
27 119 16900
28 76 12491
28 124 4019
28 144 22647
28 158 59193
29 81 24046
29 89 56586
29 127 50370
29 128 30513
29 171 38904
30 59 36491
30 67 31059
30 74 27578
30 80 21882
31 84 50208
31 85 45353
31 125 19101
31 131 23164
31 172 57455
32 66 25685
32 86 18821
32 101 34268
32 154 40764
33 3 1
33 65 1201
33 82 57088
33 87 8748
33 91 15457
34 9 18058
34 58 3065
34 70 13753
34 97 63659
34 119 12865
35 136 9926
35 137 37609
35 153 30580
35 163 53130
36 26 3470
36 46 38424
36 68 44981
36 134 11854
36 139 3908
37 133 15944
37 141 36127
37 152 10333
37 166 13177
38 34 8705
38 40 17196
39 4 1
39 23 33486
39 53 64227
39 92 44191
39 115 16082
39 132 9106
40 9 63636
40 58 17961
40 70 5638
40 97 52647
40 119 5032
41 69 5193
41 95 6346
41 110 34174
41 118 64445
42 55 57546
42 73 44190
42 94 55844
42 117 22033
43 108 44824
43 114 36048
43 143 11709
43 160 40764
43 181 32487
44 5 1
44 71 41590
44 93 36875
44 113 28954
44 116 8158
45 71 42879
45 93 62495
45 113 40107
45 116 26174
46 51 58425
46 72 28639
46 90 48343
46 98 34111
47 6 1
47 55 23007
47 73 11656
47 94 4051
47 117 1840
48 111 2855
48 112 3668
48 142 17497
48 161 40764
48 180 14050
49 7 1
49 69 6986
49 95 35024
49 110 18585
49 118 13655
50 18 57863
50 30 32256
50 99 50251
50 150 9074
50 156 5505
51 26 22169
51 46 18266
51 68 46543
51 134 38475
51 139 51926
52 33 47995
52 61 64267
52 147 39639
52 159 16091
53 39 32796
53 57 33711
53 60 10663
53 96 15843
53 109 19151
54 44 59217
54 45 8238
54 105 7152
54 164 14852
54 165 38633
55 42 45758
55 47 26605
55 107 28876
56 41 62617
56 49 42819
56 104 15956
56 162 45614
56 167 54749
57 23 50701
57 92 15101
57 115 35441
57 132 26012
58 10 1
58 34 14096
58 40 985
59 18 27544
59 30 17670
59 99 24014
59 150 58712
59 156 7870
60 23 51341
60 92 18656
60 115 39635
60 132 50967
61 65 26970
61 82 22971
61 87 14811
61 91 17902
62 120 40376
62 176 16056
62 177 46662
62 188 10717
62 190 8945
63 17 52431
63 79 12890
63 121 28239
63 149 32609
63 151 2492
64 122 56883
64 174 13496
64 179 37346
64 189 1186
64 191 49505
65 33 28675
65 61 64003
65 147 64734
65 159 49581
66 11 1
66 76 8447
66 124 24785
66 144 54849
66 158 56878
67 18 26862
67 30 63680
67 99 11364
67 150 58979
67 156 43364
68 51 65300
68 72 16540
68 90 45426
68 98 10167
69 41 56711
69 49 45930
69 104 5246
69 162 42599
69 167 11690
70 34 22246
70 40 23167
71 44 63530
71 45 38208
71 105 59025
71 164 42813
71 165 65352
72 26 53055
72 46 50208
72 68 30300
72 134 58862
72 139 45294
73 12 1
73 42 54899
73 47 3866
73 107 15882
74 18 18058
74 30 20295
74 99 15136
74 150 3065
74 156 13753
75 130 19039
75 184 49859
75 185 3848
76 66 28991
76 86 17101
76 101 53943
77 102 28283
77 182 65126
77 187 55228
78 59 1757
78 67 4667
78 74 31658
78 80 65368
79 13 1
79 63 12818
79 103 13246
79 129 17664
79 145 64227
79 168 1013
80 18 63636
80 30 24458
80 99 60397
80 150 17961
80 156 5638
81 148 23338
81 155 16537
81 170 7898
81 175 16784
82 33 24165
82 61 48811
82 147 9337
82 159 17616
83 122 33481
83 174 25358
83 179 40195
83 189 54456
83 191 50773
84 14 1
84 146 55220
84 157 26866
84 169 17498
84 178 56326
85 146 54668
85 157 65231
85 169 24898
85 178 52403
86 76 42302
86 124 62270
86 144 64647
86 158 35180
87 15 1
87 33 11838
87 61 35173
87 147 55805
87 159 65507
88 120 38240
88 176 58966
88 177 34077
88 188 46239
88 190 50
89 16 1
89 148 47789
89 155 1646
89 170 58330
89 175 44596
90 26 47319
90 46 19949
90 68 59035
90 134 63336
90 139 3632
91 33 11878
91 61 64276
91 147 28616
91 159 46541
92 39 18491
92 57 36678
92 60 41299
92 96 17548
92 109 51082
93 44 62161
93 45 28644
93 105 24193
93 164 49344
93 165 62539
94 25 52431
94 42 33247
94 47 28415
94 107 6501
95 41 15637
95 49 33172
95 104 51992
95 162 30887
95 167 11546
96 23 45712
96 92 5128
96 115 31754
96 132 41454
97 19 1
97 34 19096
97 40 4155
98 26 31467
98 46 9640
98 68 39405
98 134 25260
98 139 47840
99 59 11598
99 67 60138
99 74 27915
99 80 27705
100 122 44579
100 174 3424
100 179 31178
100 189 13544
100 191 14079
101 32 52431
101 76 44271
101 124 55012
101 144 7512
101 158 55164
102 120 39560
102 176 22443
102 177 3379
102 188 9706
102 190 26228
103 20 1
103 79 35794
103 121 41343
103 149 62557
103 151 30784
104 69 20889
104 95 37441
104 110 42288
104 118 42330
105 71 61051
105 93 56983
105 113 24874
105 116 1672
106 51 37371
106 72 7606
106 90 45961
106 98 2234
107 21 1
107 55 52823
107 73 51218
107 94 26370
107 117 24501
108 43 52431
108 136 37987
108 137 57684
108 153 52446
108 163 28508
109 23 38588
109 92 30244
109 115 57815
109 132 13179
110 41 48062
110 49 43666
110 104 22267
110 162 12421
110 167 58106
111 22 1
111 133 19971
111 141 28222
111 152 54755
111 166 30851
112 48 52431
112 133 26525
112 141 40994
112 152 16018
112 166 59538
113 44 27184
113 45 20472
113 105 31986
113 164 8868
113 165 27035
114 24 1
114 136 57816
114 137 43995
114 153 56315
114 163 58936
115 39 12451
115 57 56410
115 60 24898
115 96 50418
115 109 31578
116 44 18367
116 45 6745
116 105 18072
116 164 14131
116 165 41424
117 42 55987
117 47 14833
117 107 61758
118 41 29112
118 49 41438
118 104 19949
118 162 22368
118 167 60362
119 27 1
119 34 3095
119 40 3361
120 102 13869
120 182 36504
120 187 27220
121 63 60688
121 103 59785
121 129 39335
121 168 15425
122 130 9416
122 184 22796
122 185 22458
123 65 36267
123 82 7626
123 87 19210
123 91 14434
124 28 1
124 66 48105
124 86 6767
124 101 25649
124 154 64227
125 146 39118
125 157 60969
125 169 16417
125 178 25595
126 120 20260
126 176 39272
126 177 27118
126 188 11741
126 190 34542
127 29 1
127 148 60270
127 155 44832
127 170 7367
127 175 64796
128 148 50815
128 155 28921
128 170 49302
128 175 56427
129 79 21919
129 121 3623
129 149 36717
129 151 41377
130 122 17202
130 174 52197
130 179 42079
130 189 10965
130 191 23801
131 31 1
131 146 33651
131 157 65471
131 169 36665
131 178 23985
132 39 19878
132 57 28805
132 60 41946
132 96 3053
132 109 681
133 111 27086
133 112 55204
133 142 44954
133 180 40850
134 51 50489
134 72 15410
134 90 9132
134 98 40012
135 71 8592
135 93 52602
135 113 62323
135 116 53169
136 35 1
136 108 59496
136 114 46338
136 143 37812
136 160 64227
136 181 29224
137 108 58277
137 114 11005
137 143 60421
137 181 54374
138 55 62018
138 73 12513
138 94 17137
138 117 42829
139 36 1
139 51 45153
139 72 44669
139 90 1157
139 98 56144
140 69 35727
140 95 533
140 110 43997
140 118 12924
141 37 1
141 111 40252
141 112 31118
141 142 1794
141 161 64227
141 180 32731
142 133 52888
142 141 27510
142 152 20247
142 166 54102
143 136 61625
143 137 41369
143 153 5842
143 163 27429
144 66 54650
144 86 54513
144 101 35985
145 79 60903
145 121 1539
145 149 54367
145 151 4762
146 84 5486
146 85 40145
146 125 25454
146 131 34440
146 172 6583
147 65 51254
147 82 46049
147 87 32079
147 91 65015
148 81 40852
148 89 7692
148 127 35134
148 128 47696
148 171 35154
149 63 7789
149 103 5928
149 129 41140
149 168 16333
150 50 1
150 59 11722
150 67 13386
150 74 58839
150 80 43868
151 63 12438
151 103 64810
151 129 18408
151 168 37640
152 111 35811
152 112 39063
152 142 38596
152 180 46482
153 108 1562
153 114 56499
153 143 43582
153 181 22013
154 76 62498
154 124 18602
154 144 41120
154 158 65320
155 81 34382
155 89 4003
155 127 58474
155 128 23720
155 171 58663
156 59 50608
156 67 5672
156 74 14936
156 80 49036
157 84 54596
157 85 2139
157 125 33014
157 131 46419
157 172 38017
158 66 27640
158 86 2890
158 101 12975
159 52 1
159 65 2464
159 82 21709
159 87 60785
159 91 23821
160 136 35555
160 137 38709
160 153 20751
160 163 4449
161 133 48772
161 141 3329
161 152 21366
161 166 18502
162 69 43235
162 95 58531
162 110 44907
162 118 42628
163 108 7128
163 114 62265
163 143 13327
163 181 51574
164 54 1
164 71 48106
164 93 35770
164 113 61603
164 116 56313
165 71 15748
165 93 10903
165 113 36555
165 116 14873
166 111 37108
166 112 11749
166 142 46484
166 180 58237
167 56 1
167 69 19261
167 95 55881
167 110 30373
167 118 28177
168 79 25181
168 121 47418
168 149 25633
168 151 56438
169 84 43910
169 85 55686
169 125 12920
169 131 19204
169 172 6071
170 81 63201
170 89 60497
170 127 58991
170 128 60228
170 171 27972
171 148 38373
171 155 3193
171 170 24808
171 175 43400
172 146 1954
172 157 33963
172 169 30008
172 178 48658
173 76 54873
173 124 16556
173 144 28286
173 158 57664
174 83 52431
174 130 36386
174 184 20162
174 185 45201
175 81 46731
175 89 660
175 127 36057
175 128 58236
175 171 33185
176 62 1
176 102 52405
176 182 3035
176 187 53133
177 88 52431
177 102 36972
177 182 12287
177 187 32410
178 84 61623
178 85 57597
178 125 54222
178 131 26154
178 172 52170
179 64 1
179 130 18386
179 184 25286
179 185 44469
180 133 1487
180 141 48704
180 152 47491
180 166 63756
181 136 55003
181 137 5169
181 153 3116
181 163 63812
182 120 48272
182 176 48879
182 177 44733
182 188 34268
182 190 18327
183 146 3356
183 157 14468
183 169 13818
183 178 64766
184 75 1
184 122 42187
184 174 49958
184 179 44495
184 189 13496
184 191 13217
185 122 48122
185 174 63508
185 179 7637
185 189 65121
185 191 8292
186 148 58651
186 155 23462
186 170 3151
186 175 52712
187 77 1
187 120 48684
187 176 19991
187 177 60747
187 188 342
187 190 60395
188 102 28539
188 182 17337
188 187 61415
189 130 61634
189 184 18222
189 185 21711
190 102 22511
190 126 52431
190 182 62763
190 187 10578
191 100 1
191 130 46136
191 184 48932
191 185 50366
192 192 192
0 8 64227
0 39 24773
0 57 19844
0 60 62635
0 96 9537
0 109 21482
1 17 64227
1 20 8075
1 79 24773
1 121 55528
1 149 19844
1 151 62635
2 25 64227
2 42 55797
2 47 31468
2 107 24773
2 138 41650
3 32 64227
3 76 27558
3 124 24773
3 144 19894
3 158 64245
4 38 64227
4 58 48087
4 70 58813
4 97 9448
4 119 11648
5 43 64227
5 136 24773
5 137 62758
5 153 44376
5 163 20234
6 46 64227
6 68 55221
6 106 65233
6 134 54625
6 139 24773
7 48 64227
7 133 26277
7 141 24773
7 152 5125
7 166 27886
8 0 1
8 27 43265
8 34 7122
8 40 53511
9 23 36514
9 53 56392
9 92 50088
9 115 16032
9 132 15902
10 8 65536
10 57 65233
10 60 42684
10 96 28902
10 109 58999
11 65 64227
11 82 55759
11 87 34259
11 91 5312
12 51 50966
12 72 44897
12 90 36198
12 98 19170
13 78 64227
13 99 46357
13 150 22974
13 156 39551
14 83 64227
14 100 54816
14 184 24773
14 185 34392
15 66 35459
15 86 64227
15 154 37551
15 173 45306
16 88 64227
16 102 47946
16 182 30249
16 187 24773
17 1 1
17 59 26798
17 67 50093
17 74 52674
17 80 1420
18 63 36514
18 103 6637
18 145 8800
18 168 57344
19 57 2737
19 60 23492
19 96 39199
19 109 52239
20 59 49944
20 67 38513
20 74 18127
20 80 6549
21 68 15873
21 106 847
21 134 34224
22 69 54468
22 95 21552
22 110 64227
22 118 21718
23 9 52431
23 58 59888
23 70 43305
23 97 4427
23 119 22821
24 71 41413
24 93 4532
24 113 64227
24 116 20093
25 2 1
25 51 27054
25 72 3937
25 90 46903
25 98 27569
26 55 41892
26 73 41984
26 94 1072
26 117 4337
27 57 20856
27 60 38708
27 96 57154
27 109 26063
28 123 64227
28 147 18904
28 159 59193
29 102 32023
29 126 64227
29 182 11098
30 103 17481
30 129 64227
30 145 45774
30 168 31214
31 100 17384
31 130 64227
31 185 20271
32 3 1
32 82 30698
32 87 18821
32 91 43748
33 66 1201
33 101 36514
33 154 63525
33 173 8215
34 57 14740
34 60 49903
34 96 5180
34 109 55640
35 105 43873
35 135 64227
35 164 53130
35 165 12019
36 42 5597
36 47 38424
36 138 31410
37 104 34832
37 140 64227
37 162 38004
37 167 13177
38 4 1
38 53 30192
38 92 29383
38 115 46574
38 132 30256
39 27 29686
39 34 21564
39 40 8921
40 57 22602
40 60 23219
40 96 38178
40 109 16532
41 111 34174
41 142 64227
41 161 60461
41 180 46773
42 51 8025
42 72 30715
42 90 38139
42 98 499
43 5 1
43 71 36460
43 93 24455
43 116 39745
44 108 36514
44 114 28954
44 160 49974
44 181 25569
45 114 40107
45 143 64227
45 160 4396
45 181 14403
46 6 1
46 55 59489
46 73 28639
46 94 5080
46 117 5510
47 51 45331
47 72 24453
47 90 38859
47 98 32343
48 7 1
48 69 25408
48 95 52373
48 118 35304
49 111 18585
49 112 36514
49 161 6744
49 180 15442
50 17 65536
50 20 64729
50 121 50713
50 149 65233
50 151 42684
51 25 65536
51 42 65478
51 47 18266
51 138 779
52 32 65536
52 76 60044
52 144 58345
52 158 15698
53 38 65536
53 58 33711
53 70 53349
53 97 15843
53 119 44007
54 43 65536
54 137 64053
54 153 56590
54 163 47636
55 46 65536
55 68 36515
55 106 48065
55 134 50243
56 48 65536
56 133 23070
56 152 14919
56 166 8770
57 10 1
57 27 55367
57 34 35868
57 40 32048
58 23 37449
58 53 28641
58 92 42258
58 115 46100
58 132 64638
59 20 25939
59 121 37711
59 149 2737
59 151 23492
60 27 65115
60 34 16097
60 40 2499
61 66 26970
61 154 60053
61 173 55510
62 148 13846
62 155 34408
62 170 35851
62 175 6248
63 18 52431
63 99 11159
63 150 32609
63 156 1131
64 146 39704
64 157 42121
64 169 3011
64 178 63779
65 11 1
65 76 49028
65 144 43402
65 158 51136
66 147 39687
66 159 56878
67 20 14749
67 121 12835
67 149 20856
67 151 38708
68 55 17385
68 73 16540
68 94 37619
68 117 29167
69 133 5457
69 152 47090
69 166 42541
70 53 43028
70 92 56628
70 115 38262
70 132 29552
71 137 12067
71 153 48574
71 163 64709
72 12 1
72 42 9784
72 47 50208
72 138 14702
73 68 42659
73 106 63411
73 134 35657
74 20 8234
74 121 2720
74 149 14740
74 151 49903
75 125 27944
75 131 19039
75 172 9646
75 183 56421
76 82 18537
76 87 17101
76 91 43917
77 128 10592
77 171 189
77 186 22988
78 13 1
78 103 34251
78 145 62237
78 168 54753
79 59 27083
79 67 51108
79 74 43783
79 80 36359
80 20 37485
80 121 31767
80 149 22602
80 151 23219
81 120 5733
81 176 16784
81 177 48867
81 188 46646
81 190 35000
82 76 25450
82 144 15826
82 158 683
83 14 1
83 146 24300
83 157 40886
83 169 58355
83 178 48890
84 122 32199
84 174 15796
84 179 56326
84 189 13905
84 191 7382
85 122 20438
85 174 17126
85 179 52403
85 189 19213
85 191 16187
86 15 1
86 147 61913
86 159 35180
87 76 7357
87 144 1173
87 158 9677
88 16 1
88 148 9506
88 155 37996
88 170 26747
88 175 54133
89 120 34582
89 176 44596
89 177 2379
89 188 25607
89 190 36274
90 42 63535
90 47 19949
90 138 55668
91 76 26021
91 144 60291
91 158 22684
92 58 36678
92 70 52411
92 97 17548
92 119 35967
93 137 8988
93 153 25433
93 163 9733
94 26 52431
94 68 44775
94 106 16715
94 134 34676
95 133 43541
95 152 16370
95 166 44709
96 19 1
96 27 22420
96 34 43577
96 40 35489
97 53 58707
97 92 47742
97 115 1538
97 132 28873
98 42 7043
98 47 9640
98 138 59806
99 103 59770
99 145 53444
99 168 38185
100 146 18485
100 157 14077
100 169 20095
100 178 26535
101 33 52431
101 147 47940
101 159 55164
102 148 27328
102 155 4226
102 170 64606
102 175 56709
103 99 1491
103 150 62557
103 156 59242
104 111 42288
104 161 9832
104 180 37099
105 114 24874
105 160 56095
105 181 25826
106 21 1
106 55 47353
106 73 7606
106 94 29481
106 117 57387
107 51 46716
107 72 17179
107 90 30874
107 98 17004
108 44 52431
108 105 41822
108 164 28508
108 165 58189
109 27 55915
109 34 58798
109 40 8105
110 22 1
110 133 24451
110 152 35247
110 166 22760
111 104 31405
111 162 7176
111 167 30851
112 49 52431
112 104 26576
112 162 24762
112 167 59538
113 24 1
113 137 14502
113 153 6892
113 163 33430
114 105 54503
114 164 58936
114 165 20895
115 58 56410
115 70 36319
115 97 50418
115 119 32805
116 137 2548
116 153 23628
116 163 44666
117 68 64138
117 106 22494
117 134 1355
118 133 52694
118 152 33659
118 166 64131
119 53 4825
119 92 46628
119 115 180
119 132 30752
120 128 7882
120 171 55537
120 186 4016
121 59 10381
121 67 64771
121 74 57169
121 80 16223
122 125 27924
122 131 9416
122 172 63042
122 183 42669
123 28 1
123 66 36267
123 154 35616
123 173 8254
124 82 56189
124 87 6767
124 91 22739
125 122 40075
125 174 46958
125 179 25595
125 189 54641
125 191 25376
126 29 1
126 148 54622
126 155 54822
126 170 42732
126 175 57086
127 120 56372
127 176 64796
127 177 22487
127 188 46670
127 190 23216
128 120 20027
128 176 56427
128 177 38603
128 188 39566
128 190 63604
129 30 1
129 99 1655
129 150 36717
129 156 53480
130 31 1
130 146 273
130 157 63184
130 169 57915
130 178 1590
131 122 22934
131 174 50863
131 179 23985
131 189 3499
131 191 1728
132 58 28805
132 70 48994
132 97 3053
132 119 29228
133 69 40127
133 95 56038
133 118 38847
134 55 10227
134 73 15410
134 94 20111
134 117 37328
135 35 1
135 114 62323
135 160 36838
135 181 19511
136 71 2534
136 93 13471
136 116 3474
137 71 54922
137 93 31890
137 116 41425
138 36 1
138 51 16305
138 72 44879
138 90 59836
138 98 13886
139 55 6470
139 73 44669
139 94 14560
139 117 54246
140 37 1
140 111 43997
140 161 15668
140 180 22814
141 69 55906
141 95 20040
141 118 10548
142 41 1
142 104 41692
142 162 40241
142 167 54102
143 45 1
143 105 58381
143 164 27429
143 165 62487
144 65 65536
144 82 29264
144 87 54513
144 91 28063
145 78 65536
145 99 994
145 150 54367
145 156 54846
146 83 65536
146 100 13159
146 185 53195
147 66 51254
147 86 65536
147 154 52883
147 173 47507
148 88 65536
148 102 26805
148 182 8217
149 50 1
149 59 63119
149 67 17533
149 74 6164
149 80 55127
150 63 37449
150 103 31075
150 145 21563
150 168 41559
151 59 49565
151 67 6170
151 74 38685
151 80 58599
152 69 6371
152 95 16287
152 110 65536
152 118 30689
153 71 59203
153 93 7525
153 113 65536
153 116 46753
154 123 65536
154 147 54327
154 159 65320
155 102 1388
155 126 65536
155 182 51122
156 103 14214
156 129 65536
156 145 5460
156 168 63406
157 100 49700
157 130 65536
157 185 3941
158 52 1
158 82 51905
158 87 2890
158 91 43246
159 66 2464
159 101 37449
159 154 21872
159 173 34032
160 105 55394
160 135 65536
160 164 4449
160 165 27838
161 104 44401
161 140 65536
161 162 7514
161 167 18502
162 111 44907
162 142 65536
162 161 687
162 180 46061
163 54 1
163 71 16875
163 93 47640
163 116 24030
164 108 37449
164 114 61603
164 160 48310
164 181 485
165 114 36555
165 143 65536
165 160 36441
165 181 23451
166 56 1
166 69 6657
166 95 39956
166 118 48414
167 111 30373
167 112 37449
167 161 43053
167 180 55356
168 99 10236
168 150 25633
168 156 59279
169 100 52354
169 185 56971
170 102 46396
170 182 8051
171 120 47013
171 176 43400
171 177 678
171 188 26104
171 190 35169
172 122 61003
172 174 36054
172 179 48658
172 189 41078
172 191 26624
173 61 1
173 147 21900
173 159 57664
174 84 52431
174 125 8159
174 131 36386
174 172 3855
174 183 16310
175 62 1
175 102 54294
175 182 40146
176 128 22133
176 171 44884
176 186 43787
177 89 52431
177 128 31928
177 171 13231
177 186 10643
178 64 1
178 100 8917
178 185 53206
179 125 45875
179 131 18386
179 172 42340
179 183 10823
180 104 35027
180 162 7226
180 167 63756
181 105 51810
181 164 63812
181 165 6670
182 148 8401
182 155 44144
182 170 46410
182 175 58298
183 75 1
183 122 59065
183 174 44415
183 179 64766
183 189 56312
183 191 13846
184 146 9086
184 157 40954
184 169 20169
184 178 17973
185 146 1299
185 157 60584
185 169 39006
185 178 18134
186 77 1
186 120 21070
186 176 52712
186 177 14281
186 188 45944
186 190 39416
187 148 40877
187 155 60082
187 170 60955
187 175 50447
188 81 1
188 128 42829
188 171 54252
188 186 15876
189 85 1
189 125 31314
189 131 61634
189 172 58702
189 183 3506
190 127 52431
190 128 50886
190 171 1934
190 186 9433
191 125 56622
191 131 46136
191 172 47810
191 183 5393
192 192 192
0 7 18296
0 56 43235
0 69 16288
0 95 63744
0 110 21482
0 118 39913
1 16 18296
1 29 43932
1 148 43235
1 155 16288
1 170 63744
1 175 21482
2 24 15683
2 43 55797
2 136 36609
2 137 6578
2 153 50409
2 163 57511
3 31 44306
3 146 32778
3 157 52010
3 169 59085
3 178 53509
4 37 25325
4 111 790
4 112 15297
4 142 22607
4 161 25399
4 180 27314
5 42 26083
5 47 4779
5 107 29070
5 138 62758
6 44 10461
6 45 3942
6 105 44783
6 135 54625
6 164 40581
6 165 41228
7 0 1
7 34 60400
7 40 64973
8 48 52529
8 133 18411
8 141 3534
8 152 1178
8 166 49357
9 41 47846
9 49 54671
9 104 51668
9 140 40764
9 162 22157
9 167 41482
10 7 7674
10 56 1412
10 69 33847
10 95 50055
10 110 58999
10 118 46912
11 64 26565
11 83 55759
11 100 43501
11 130 37143
11 184 29560
11 185 27600
12 54 56476
12 71 40180
12 93 60682
12 113 57658
12 116 38478
13 77 45624
13 120 65293
13 176 43588
13 177 21918
13 188 58712
13 190 51216
14 82 58689
14 87 61432
14 91 10542
15 84 5293
15 85 37956
15 125 12150
15 131 27097
15 172 8693
15 183 40006
16 1 1
16 67 12706
16 74 63233
16 80 38554
17 62 5513
17 88 8725
17 102 37534
17 126 61304
17 182 37092
17 187 47507
18 81 59196
18 89 20169
18 127 5684
18 128 271
18 171 34129
18 186 40764
19 7 37993
19 56 6825
19 69 44420
19 95 58427
19 110 52239
19 118 27941
20 62 45976
20 88 12538
20 102 35921
20 126 4004
20 182 37272
20 187 17559
21 44 17823
21 45 52304
21 105 47800
21 135 34224
21 164 40607
21 165 57110
22 60 52210
22 96 21552
22 109 55527
23 37 61652
23 111 63634
23 112 41200
23 142 24805
23 161 38361
23 180 46548
24 2 1
24 72 41413
24 90 62314
24 98 37808
25 54 52135
25 71 21914
25 93 35236
25 113 46059
25 116 35734
26 108 19422
26 114 27926
26 143 51005
26 160 53241
26 181 22537
27 7 38675
27 56 6558
27 69 14967
27 95 60851
27 110 26063
27 118 59123
28 75 38681
28 122 6467
28 174 58942
28 179 9879
28 189 57206
28 191 45404
29 67 55565
29 74 45106
29 80 42243
30 81 6270
30 89 5843
30 127 18555
30 128 12718
30 171 36795
31 3 1
31 82 15329
31 87 45353
31 91 52425
32 64 39852
32 83 30698
32 100 40983
32 130 1833
32 184 44654
32 185 63597
33 84 57088
33 85 56789
33 125 56312
33 131 60950
33 172 62064
33 183 26048
34 7 47479
34 56 62472
34 69 41440
34 95 1878
34 110 55640
34 118 52672
35 106 43873
35 134 560
35 139 37609
36 24 62067
36 43 5597
36 136 11854
36 137 6578
36 153 34659
36 163 21682
37 4 1
37 92 27828
37 115 57290
37 132 26656
38 41 48653
38 49 15006
38 104 47574
38 140 10486
38 162 46886
38 167 11259
39 48 31764
39 133 58603
39 141 21399
39 152 30318
39 166 11418
40 7 1901
40 56 47576
40 69 16343
40 95 12890
40 110 16532
40 118 60505
41 70 691
41 97 6346
41 119 64445
42 5 1
42 54 13205
42 71 21347
42 93 62424
42 113 39785
42 116 6478
43 72 36460
43 90 8246
43 98 21912
44 73 41590
44 94 11319
44 117 42738
45 6 1
45 73 42879
45 94 9923
45 117 16565
46 108 24333
46 114 37823
46 143 15886
46 160 16762
46 181 30795
47 54 33109
47 71 53881
47 93 47562
47 113 7436
47 116 40439
48 8 1
48 60 24681
48 96 52373
48 109 62682
49 9 1
49 70 693
49 97 35024
49 119 13655
50 16 7674
50 29 21310
50 148 1412
50 155 33847
50 170 50055
50 175 58999
51 24 43368
51 43 65478
51 136 38475
51 137 13611
51 153 47011
51 163 12979
52 31 17542
52 146 54153
52 157 59932
52 169 62872
52 178 63506
53 37 32741
53 111 19151
53 112 32275
53 142 56952
53 161 46511
53 180 33915
54 42 6320
54 47 8238
54 107 7152
54 138 64053
55 44 45758
55 45 38932
55 105 36661
55 135 50243
55 164 45261
55 165 37276
56 10 1
56 34 24270
56 40 64660
57 48 7663
57 133 993
57 141 56527
57 152 56396
57 166 56227
58 41 57740
58 49 45263
58 104 16992
58 162 59281
58 167 54997
59 16 37993
59 29 14657
59 148 6825
59 155 44420
59 170 58427
59 175 52239
60 48 6767
60 133 34268
60 141 660
60 152 20311
60 166 5440
61 84 22971
61 85 50726
61 125 33032
61 131 48028
61 172 34138
61 183 241
62 121 3713
62 149 13846
62 151 54371
63 77 52647
63 120 60510
63 176 59586
63 177 61016
63 188 32334
63 190 31910
64 11 1
64 124 56883
64 144 448
64 158 42121
65 31 36862
65 146 4673
65 157 15956
65 169 62546
65 178 55516
66 75 7357
66 122 40752
66 174 49018
66 179 45128
66 189 12157
66 191 1930
67 16 38675
67 29 53533
67 148 6558
67 155 14967
67 170 60851
67 175 26063
68 108 728
68 114 18100
68 143 58441
68 160 38331
68 181 12039
69 34 2681
69 40 29201
70 41 18849
70 49 23145
70 104 7775
70 162 10544
70 167 31953
71 12 1
71 42 2007
71 47 38208
71 107 59025
71 138 12067
72 24 12482
72 43 9784
72 136 58862
72 137 20243
72 153 46530
72 163 25555
73 44 54899
73 45 61671
73 105 49655
73 135 35657
73 164 63070
73 165 33157
74 16 47479
74 29 54839
74 148 62472
74 155 41440
74 170 1878
74 175 55640
75 101 51049
75 154 13857
75 173 9646
76 64 36546
76 83 18537
76 100 40772
76 130 29339
76 184 54532
76 185 18372
77 13 1
77 103 28283
77 129 10592
77 145 41239
77 168 29807
78 81 12373
78 89 49865
78 127 4340
78 128 64292
78 171 50235
78 186 10486
79 62 12183
79 88 21377
79 102 52291
79 126 42983
79 182 38308
79 187 33036
80 16 1901
80 29 34640
80 148 47576
80 155 16343
80 170 12890
80 175 16532
81 99 36782
81 150 23338
81 156 16600
82 14 1
82 31 41372
82 146 55220
82 157 47921
82 169 54971
82 178 57558
83 124 33481
83 144 16647
83 158 40886
84 123 32199
84 147 51632
84 159 26866
85 15 1
85 123 20438
85 147 45014
85 159 65231
86 75 47074
86 122 3267
86 174 19352
86 179 25223
86 189 20087
86 191 13035
87 31 53699
87 146 11387
87 157 30
87 169 50376
87 178 11101
88 17 1
88 121 1283
88 149 9506
88 151 437
89 18 1
89 99 50041
89 150 47789
89 156 53552
90 24 18218
90 43 63535
90 136 63336
90 137 61905
90 153 30899
90 163 23784
91 31 53659
91 146 57055
91 157 18996
91 169 40203
91 178 63377
92 37 47046
92 111 51082
92 112 14486
92 142 31109
92 161 40057
92 180 39647
93 42 3376
93 47 28644
93 107 24193
93 138 8988
94 44 33247
94 45 37122
94 105 59036
94 135 34676
94 164 50689
94 165 33147
95 19 1
95 34 2381
95 40 60089
96 48 27755
96 133 32700
96 141 14097
96 152 39915
96 166 33528
97 41 46331
97 49 26797
97 104 44582
97 162 61585
97 167 20814
98 24 34070
98 43 7043
98 136 25260
98 137 17697
98 153 4190
98 163 5182
99 81 59159
99 89 29111
99 127 42759
99 128 9350
99 171 26144
100 124 44579
100 144 39002
100 158 14077
101 75 58143
101 122 10525
101 174 274
101 179 55738
101 189 42385
101 191 50790
102 20 1
102 121 65364
102 149 27328
102 151 52485
103 77 29743
103 120 31275
103 176 29762
103 177 35496
103 188 17800
103 190 44983
104 70 40871
104 97 37441
104 119 42330
105 21 1
105 73 61051
105 94 36492
105 117 53884
106 108 15617
106 114 56743
106 143 29311
106 160 45213
106 181 479
107 54 12043
107 71 14319
107 93 62702
107 113 28619
107 116 9548
108 106 41822
108 134 27550
108 139 57684
109 22 1
109 48 50836
109 133 55959
109 141 2763
109 152 18865
109 166 5707
110 34 44590
110 40 41150
111 92 47376
111 115 11356
111 132 53246
112 23 1
112 92 58412
112 115 13788
112 132 19384
113 25 1
113 42 38353
113 47 20472
113 107 31986
113 138 14502
114 26 1
114 106 54503
114 134 7721
114 139 43995
115 37 53086
115 111 31578
115 112 44085
115 142 57258
115 161 57634
115 180 13508
116 42 47170
116 47 6745
116 107 18072
116 138 2548
117 44 55987
117 45 50704
117 105 3779
117 135 1355
117 164 60212
117 165 17298
118 27 1
118 34 12075
118 40 37161
119 41 55052
119 49 18861
119 104 26805
119 162 58091
119 167 15904
120 103 13869
120 129 7882
120 145 61521
120 168 21317
121 62 64824
121 88 19896
121 102 5752
121 126 45091
121 182 55843
121 187 58464
122 28 1
122 101 34813
122 154 58494
122 173 63042
123 84 7626
123 85 46327
123 125 63549
123 131 61332
123 172 5267
123 183 62381
124 64 17432
124 83 56189
124 100 43692
124 130 16521
124 184 64893
124 185 51343
125 123 40075
125 147 10896
125 159 60969
126 121 48155
126 149 54622
126 151 28414
127 99 28489
127 150 60270
127 156 10077
128 30 1
128 99 42237
128 150 50815
128 156 46161
129 77 43618
129 120 42710
129 176 63520
129 177 33078
129 188 37339
129 190 56518
130 32 1
130 124 17202
130 144 63947
130 158 63184
131 33 1
131 123 22934
131 147 62038
131 159 65471
132 37 45659
132 111 681
132 112 42021
132 142 23882
132 161 21991
132 180 61475
133 60 13284
133 96 56038
133 109 38451
134 35 1
134 108 59481
134 114 19880
134 143 17289
134 160 52289
134 181 29298
135 73 8592
135 94 35154
135 117 10945
136 72 2534
136 90 53299
136 98 5972
137 36 1
137 72 54922
137 90 23300
137 98 40241
138 54 12786
138 71 53024
138 93 24529
138 113 2223
138 116 52541
139 108 41503
139 114 19983
139 143 10502
139 160 18160
139 181 3128
140 38 1
140 70 40920
140 97 533
140 119 12924
141 39 1
141 60 5843
141 96 20040
141 109 25285
142 92 60900
142 115 33847
142 132 7050
143 46 1
143 106 58381
143 134 3912
143 139 41369
144 64 10887
144 83 29264
144 100 53277
144 130 15158
144 184 41412
144 185 37032
145 77 4634
145 120 41617
145 176 36997
145 177 64706
145 188 27252
145 190 29401
146 82 60051
146 87 40145
146 91 23460
147 84 46049
147 85 33458
147 125 64878
147 131 12964
147 172 36976
147 183 21872
148 50 1
148 67 8421
148 74 59958
148 80 58266
149 62 5472
149 88 41525
149 102 59609
149 126 44837
149 182 54336
149 187 29310
150 81 7110
150 89 141
150 127 8194
150 128 16595
150 171 11813
151 62 64978
151 88 21909
151 102 727
151 126 60111
151 182 59826
151 187 56879
152 60 4031
152 96 16287
152 109 29726
153 51 1
153 72 59203
153 90 20780
153 98 10494
154 75 2080
154 122 46935
154 174 18460
154 179 39115
154 189 40689
154 191 4247
155 67 42162
155 74 17415
155 80 18224
156 81 57524
156 89 31788
156 127 32897
156 128 43106
156 171 28989
157 52 1
157 82 10941
157 87 2139
157 91 27965
158 64 37897
158 83 51905
158 100 30961
158 130 47372
158 184 49772
158 185 22556
159 84 21709
159 85 4752
159 125 44979
159 131 37749
159 172 54735
159 183 43938
160 106 55394
160 134 29982
160 139 38709
161 53 1
161 92 31538
161 115 9829
161 132 41871
162 70 6538
162 97 58531
162 119 42628
163 72 16875
163 90 21987
163 98 5898
164 73 48106
164 94 62727
164 117 33593
165 55 1
165 73 15748
165 94 54198
165 117 40661
166 57 1
166 60 19264
166 96 39956
166 109 28429
167 58 1
167 70 53505
167 97 55881
167 119 28177
168 77 40356
168 120 46921
168 176 64072
168 177 52518
168 188 56963
168 190 36054
169 82 21627
169 87 55686
169 91 29388
170 59 1
170 67 38137
170 74 43694
170 80 31521
171 99 17239
171 150 38373
171 156 35496
172 61 1
172 123 61003
172 147 24459
172 159 33963
173 75 14703
173 122 48981
173 174 22401
173 179 19438
173 189 20860
173 191 24327
174 101 25990
174 154 29557
174 173 3855
175 67 24896
175 74 45571
175 80 15577
176 103 52405
176 129 22133
176 145 21750
176 168 63818
177 63 1
177 103 36972
177 129 31928
177 145 54894
177 168 59771
178 65 1
178 82 3914
178 87 57597
178 91 63352
179 66 1
179 101 59945
179 154 2923
179 173 42340
180 92 58094
180 115 42689
180 132 38741
181 68 1
181 106 51810
181 134 10534
181 139 5169
182 121 9721
182 149 8401
182 151 55739
183 123 59065
183 147 9225
183 159 14468
184 124 42187
184 144 47564
184 158 40954
185 76 1
185 124 48122
185 144 47403
185 158 60584
186 78 1
186 99 31051
186 150 58651
186 156 28703
187 79 1
187 121 3833
187 149 40877
187 151 42770
188 103 28539
188 129 42829
188 145 49661
188 168 35024
189 86 1
189 101 15937
189 154 51026
189 173 58702
190 103 22511
190 129 50886
190 145 56104
190 168 5977
191 101 4867
191 154 50235
191 173 47810
192 192 192
0 6 2144
0 21 17695
0 55 23436
0 73 12955
0 94 19110
0 117 63803
1 15 2144
1 33 16524
1 61 17695
1 123 55528
1 147 23436
1 159 12955
2 23 41202
2 53 23887
2 92 17695
2 115 46237
2 132 61327
3 30 13201
3 78 27558
3 99 17695
3 150 48487
3 156 57227
4 36 61196
4 51 15623
4 72 58813
4 90 16111
4 98 8320
5 41 23177
5 49 4779
5 104 17695
5 140 62758
5 162 50759
5 167 4762
6 0 1
6 34 53895
6 40 58606
7 44 41365
7 45 7845
7 105 17695
7 135 26277
7 164 23225
7 165 22789
8 26 7419
8 46 29320
8 68 52355
8 106 17695
8 134 18411
8 139 8400
9 25 36514
9 42 47846
9 47 62268
9 107 17695
9 138 17395
10 55 60078
10 73 5505
10 94 3173
10 117 55869
11 63 52558
11 103 10919
11 129 27580
11 145 12351
11 168 17695
12 58 18509
12 70 54623
12 97 52440
12 119 62963
13 76 33000
13 124 21718
13 144 16410
13 158 39551
14 81 12193
14 89 61432
14 127 60325
14 128 6026
14 171 17695
14 186 34392
15 1 1
15 59 6603
15 67 58625
15 74 31666
15 80 31737
16 84 47609
16 85 18725
16 125 15525
16 131 55916
16 172 17695
16 183 30249
17 66 48070
17 86 2233
17 101 43101
17 154 21941
17 173 17695
18 65 36514
18 82 59196
18 87 28190
18 91 32828
19 6 65536
19 55 53747
19 73 7870
19 94 1844
19 117 56487
20 66 28494
20 86 17941
20 101 48785
20 154 11634
21 34 50864
21 40 13232
22 108 25365
22 114 26811
22 143 29294
22 160 54646
22 181 32883
23 2 1
23 36 16619
23 51 61502
23 72 43305
23 90 21887
23 98 44388
24 111 13281
24 112 30872
24 142 8927
24 161 64212
24 180 56035
25 58 62095
25 70 30058
25 97 2678
25 119 19427
26 57 41892
26 60 39351
26 96 1072
26 109 19422
27 6 65536
27 55 1127
27 73 43364
27 94 38900
27 117 23133
28 79 12491
28 121 10138
28 149 18904
28 151 4831
29 84 24046
29 85 53697
29 125 15272
29 131 30513
29 183 11098
30 3 1
30 82 6270
30 87 14064
30 91 3124
31 81 16592
31 89 45353
31 127 19101
31 128 4255
31 186 20271
32 63 22806
32 103 34268
32 129 54896
32 145 65022
33 59 47670
33 67 54119
33 74 52416
33 80 18561
34 6 65536
34 55 34286
34 73 13753
34 94 10604
34 117 55346
35 133 47509
35 141 37609
35 152 37950
35 166 12019
36 4 1
36 23 55533
36 53 32817
36 115 4966
36 132 57435
37 136 15944
37 137 15016
37 153 28137
37 163 38004
38 42 48653
38 47 39636
38 138 63757
39 26 33486
39 46 5366
39 68 1471
39 134 58603
39 139 43196
40 6 65536
40 55 45035
40 73 5638
40 94 22887
40 117 42441
41 5 1
41 71 691
41 93 24410
41 116 16222
42 58 57546
42 70 8094
42 97 55844
42 119 22033
43 111 44824
43 112 17726
43 142 63586
43 161 49340
43 180 65487
44 69 55698
44 95 11319
44 110 36514
44 118 42738
45 7 1
45 69 11061
45 95 9923
45 118 16565
46 8 1
46 57 59489
46 60 11094
46 96 5080
46 109 24333
47 9 1
47 58 23007
47 70 47733
47 97 4051
47 119 1840
48 108 59310
48 114 3668
48 143 37617
48 160 9987
48 181 33613
49 71 693
49 93 13275
49 113 36514
49 116 37409
50 33 32256
50 123 50713
50 147 60078
50 159 5505
51 23 31772
51 53 64758
51 115 41807
51 132 62944
52 30 31904
52 78 60044
52 150 39639
52 156 56877
53 36 29394
53 51 61529
53 72 53349
53 90 1954
53 98 40796
54 41 59838
54 49 8238
54 140 64053
54 162 54914
54 167 38633
55 10 1
55 34 16104
55 40 58806
56 44 62617
56 45 42144
56 135 23070
56 164 45614
56 165 15588
57 26 50701
57 46 7791
57 68 11853
57 134 993
57 139 41997
58 25 37449
58 42 57740
58 47 50456
58 138 59642
59 15 65536
59 33 17670
59 123 37711
59 147 53747
59 159 7870
60 26 51341
60 46 47363
60 68 23733
60 134 34268
60 139 51651
61 59 56714
61 67 62044
61 74 39303
61 80 56313
62 122 3713
62 174 7655
62 179 46662
62 189 56862
62 191 8945
63 11 1
63 76 17600
63 124 28239
63 144 42017
63 158 1131
64 120 43911
64 176 13496
64 177 19572
64 188 41444
64 190 41284
65 30 10773
65 78 49028
65 150 64734
65 156 60617
66 79 8447
66 121 26373
66 149 39687
66 151 59352
67 15 65536
67 33 63680
67 123 12835
67 147 1127
67 159 43364
68 57 17385
68 60 49264
68 96 37619
68 109 728
69 44 56711
69 45 33655
69 135 5457
69 164 42599
69 165 39485
70 12 1
70 42 18849
70 47 20124
70 138 57284
71 41 24
71 49 38208
71 140 12067
71 162 457
71 167 65352
72 23 17138
72 53 50835
72 115 29329
72 132 39606
73 34 20686
73 40 15953
74 15 65536
74 33 20295
74 123 2720
74 147 34286
74 159 13753
75 102 51049
75 126 27944
75 182 11736
75 187 3848
76 13 1
76 63 12215
76 103 53943
76 129 54423
76 145 56298
77 130 10592
77 184 65126
77 185 45280
78 82 12373
78 87 27624
78 91 24465
79 66 12818
79 86 38278
79 101 31342
79 154 54489
80 15 65536
80 33 24458
80 123 31767
80 147 45035
80 159 5638
81 14 1
81 146 17581
81 157 16600
81 169 21351
81 178 48867
82 30 33757
82 78 25450
82 150 9337
82 156 459
83 120 48789
83 176 25358
83 177 57622
83 188 60909
83 190 48559
84 148 51632
84 155 64568
84 170 21508
84 175 15796
85 16 1
85 148 45014
85 155 8352
85 170 65518
85 175 17126
86 17 1
86 79 42302
86 121 55770
86 149 61913
86 151 34491
87 18 1
87 30 50370
87 78 7357
87 150 55805
87 156 40632
88 122 1283
88 174 14303
88 179 34077
88 189 11449
88 191 50
89 146 39930
89 157 53552
89 169 3767
89 178 2379
90 23 51699
90 53 9869
90 115 1776
90 132 57322
91 30 53541
91 78 26021
91 150 28616
91 156 44043
92 36 32056
92 51 35561
92 72 52411
92 90 49984
92 98 53778
93 41 42650
93 49 28644
93 140 8988
93 162 28629
93 167 62539
94 19 1
94 34 45449
94 40 25648
95 44 15637
95 45 3066
95 135 43541
95 164 30887
95 165 49459
96 26 45712
96 46 29587
96 68 26637
96 134 32700
96 139 11444
97 42 46331
97 47 42285
97 138 8901
98 23 34973
98 53 5731
98 115 18014
98 132 48697
99 82 59159
99 87 3718
99 91 23968
100 120 44008
100 176 3424
100 177 47124
100 188 31862
100 190 14122
101 20 1
101 79 44271
101 121 24066
101 149 47940
101 151 20678
102 122 65364
102 174 53745
102 179 3379
102 189 40651
102 191 26228
103 76 31911
103 124 41343
103 144 54046
103 158 59242
104 71 40871
104 93 58293
104 116 31083
105 69 58493
105 95 36492
105 118 53884
106 57 47353
106 60 52245
106 96 29481
106 109 15617
107 58 52823
107 70 2301
107 97 26370
107 119 24501
108 22 1
108 133 2992
108 141 57684
108 152 1638
108 166 58189
109 26 38588
109 46 8256
109 68 17828
109 134 55959
109 139 8761
110 44 48062
110 45 45334
110 135 24451
110 164 12421
110 165 31642
111 136 19971
111 137 39618
111 153 12674
111 163 7176
112 24 1
112 136 26525
112 137 26311
112 153 61252
112 163 24762
113 41 4049
113 49 20472
113 140 14502
113 162 14098
113 167 27035
114 133 26847
114 141 43995
114 152 60822
114 166 20895
115 36 15057
115 51 21568
115 72 36319
115 90 17288
115 98 42157
116 41 1287
116 49 6745
116 140 2548
116 162 35111
116 167 41424
117 27 1
117 34 61701
117 40 17176
118 44 29112
118 45 16300
118 135 52694
118 164 22368
118 165 151
119 42 55052
119 47 59080
119 138 8901
120 130 7882
120 184 36504
120 185 63644
121 28 1
121 66 60688
121 86 48067
121 101 18734
121 154 20908
122 102 34813
122 126 27924
122 182 37206
122 187 22458
123 59 25905
123 67 49647
123 74 54307
123 80 32299
124 63 14196
124 103 25649
124 129 49559
124 145 7108
125 29 1
125 148 10896
125 155 48487
125 170 37007
125 175 46958
126 122 48155
126 174 64561
126 179 27118
126 189 17572
126 191 34542
127 146 18867
127 157 10077
127 169 27558
127 178 22487
128 31 1
128 146 25971
128 157 46161
128 169 40305
128 178 38603
129 32 1
129 76 5921
129 124 3623
129 144 16864
129 158 53480
130 120 26724
130 176 52197
130 177 26557
130 188 16300
130 190 4136
131 148 62038
131 155 10536
131 170 35857
131 175 50863
132 36 46162
132 51 20575
132 72 48994
132 90 30268
132 98 39602
133 35 1
133 108 32110
133 114 55204
133 143 46400
133 160 21097
133 181 37104
134 57 10227
134 60 29732
134 96 20111
134 109 59481
135 69 10081
135 95 35154
135 118 10945
136 111 59496
136 112 36371
136 142 50609
136 161 58772
136 180 15432
137 37 1
137 111 58277
137 112 24433
137 142 58921
137 161 25785
137 180 38280
138 38 1
138 58 62018
138 70 27410
138 97 17137
138 119 42829
139 39 1
139 57 6470
139 60 22544
139 96 14560
139 109 41503
140 71 40920
140 93 22064
140 116 51064
141 108 57456
141 114 31118
141 143 12480
141 160 62193
141 181 21207
142 43 1
142 136 52888
142 137 63706
142 153 10557
142 163 40241
143 48 1
143 133 2017
143 141 41369
143 152 38317
143 166 62487
144 63 20213
144 103 35985
144 129 50816
144 145 62926
145 76 5004
145 124 1539
145 144 48196
145 158 54846
146 81 34960
146 89 40145
146 127 25454
146 128 31430
146 186 53195
147 50 1
147 59 36610
147 67 26457
147 74 12862
147 80 9824
148 84 40852
148 85 4429
148 125 9329
148 131 47696
148 183 8217
149 66 7789
149 86 54668
149 101 57473
149 154 62218
150 65 37449
150 82 7110
150 87 3259
150 91 12834
151 66 12438
151 86 43592
151 101 22511
151 154 39545
152 108 36931
152 114 39063
152 143 48208
152 160 15433
152 181 54065
153 111 1562
153 112 31130
153 142 55252
153 161 49844
153 180 62135
154 79 62498
154 121 2034
154 149 54327
154 151 65382
155 84 34382
155 85 53273
155 125 2307
155 131 23720
155 183 51122
156 52 1
156 82 57524
156 87 10822
156 91 56965
157 81 34038
157 89 2139
157 127 33014
157 128 15074
157 186 3941
158 63 39514
158 103 12975
158 129 15256
158 145 56471
159 59 1760
159 67 47443
159 74 60687
159 80 60887
160 133 55625
160 141 38709
160 152 49990
160 166 27838
161 136 48772
161 137 16828
161 153 41303
161 163 7514
162 54 1
162 71 6538
162 93 22714
162 116 6015
163 111 7128
163 112 46969
163 142 1614
163 161 7874
163 180 36765
164 69 10519
164 95 62727
164 110 37449
164 118 33593
165 56 1
165 69 30249
165 95 54198
165 118 40661
166 108 14478
166 114 11749
166 143 46102
166 160 9668
166 181 39936
167 71 53505
167 93 21695
167 113 37449
167 116 23352
168 76 4281
168 124 47418
168 144 55759
168 158 59279
169 81 58527
169 89 55686
169 127 12920
169 128 16828
169 186 56971
170 84 63201
170 85 17721
170 125 18782
170 131 60228
170 183 8051
171 146 39433
171 157 35496
171 169 31000
171 178 678
172 148 24459
172 155 47099
172 170 62843
172 175 36054
173 79 54873
173 121 7044
173 149 21900
173 151 50551
174 62 1
174 102 25990
174 126 8159
174 182 48065
174 187 45201
175 84 46731
175 85 45030
175 125 59301
175 131 58236
175 183 40146
176 130 22133
176 184 3035
176 185 56041
177 64 1
177 130 31928
177 184 12287
177 185 52673
178 81 19586
178 89 57597
178 127 54222
178 128 44050
178 186 53206
179 102 59945
179 126 45875
179 182 56139
179 187 44469
180 136 1487
180 137 62709
180 153 45540
180 163 7226
181 133 31357
181 141 5169
181 152 45580
181 166 6670
182 75 1
182 122 9721
182 174 43202
182 179 44733
182 189 18819
182 191 18327
183 148 9225
183 155 43418
183 170 36899
183 175 44415
184 120 23263
184 176 49958
184 177 9640
184 188 7553
184 190 56879
185 77 1
185 120 48088
185 176 63508
185 177 46515
185 188 48211
185 190 41443
186 146 19593
186 157 28703
186 169 28289
186 178 14281
187 122 3833
187 174 37694
187 179 60747
187 189 5519
187 191 60395
188 83 1
188 130 42829
188 184 17337
188 185 10161
189 88 1
189 102 15937
189 126 31314
189 182 20843
189 187 21711
190 100 1
190 130 50886
190 184 62763
190 185 31896
191 102 4867
191 126 56622
191 182 14324
191 187 50366
192 192 192
0 54 13889
0 71 16288
0 93 51392
0 113 21482
0 116 50389
1 31 43932
1 146 13889
1 157 16288
1 169 51392
1 178 21482
2 22 43110
2 48 55797
2 133 54965
2 141 36609
2 152 47787
2 166 57511
3 29 34806
3 148 32778
3 155 54754
3 170 59085
3 175 44439
4 35 6485
4 108 2753
4 114 790
4 143 22607
4 160 23496
4 181 27314
5 0 1
5 34 11239
5 40 33265
6 41 58606
6 49 10461
6 104 8854
6 140 54625
6 162 65475
6 167 40581
7 42 64973
7 47 41365
7 107 12793
7 138 26277
8 43 53511
8 136 52840
8 137 18411
8 153 1178
8 163 57857
9 44 32130
9 45 47846
9 105 51668
9 135 31657
9 164 58438
9 165 22157
10 54 45576
10 71 33847
10 93 63103
10 113 58999
10 116 61280
11 62 56940
11 88 55759
11 102 43501
11 126 12382
11 182 4673
11 187 29560
12 56 56476
12 69 38168
12 95 60682
12 110 15806
12 118 38478
13 75 59569
13 122 65293
13 174 45895
13 179 43588
13 189 58712
13 191 54298
14 1 1
14 67 15370
14 74 18586
14 80 21532
15 81 31737
15 89 5293
15 127 48760
15 128 12150
15 171 16844
15 186 40006
16 82 38554
16 87 47609
16 91 29514
17 64 5513
17 83 1420
17 100 32207
17 130 61304
17 184 46581
17 185 37092
18 84 46969
18 85 59196
18 125 31628
18 131 5684
18 172 34129
18 183 39483
19 54 45824
19 71 44420
19 93 50726
19 113 52239
19 116 50479
20 64 45976
20 83 6549
20 100 16801
20 130 4004
20 184 48875
20 185 37272
21 41 13232
21 49 17823
21 104 46943
21 140 34224
21 162 50690
21 167 40607
22 2 1
22 72 54468
22 90 17791
22 98 60211
23 35 48918
23 108 23618
23 114 63634
23 143 24805
23 160 26102
23 181 46548
24 60 42864
24 96 4532
24 109 14842
25 56 52135
25 69 46954
25 95 35236
25 110 9603
25 118 35734
26 111 53371
26 112 19422
26 142 24667
26 161 53241
26 180 58037
27 54 37075
27 71 14967
27 93 6529
27 113 26063
27 116 43674
28 77 38681
28 120 38700
28 176 56713
28 177 58942
28 188 14200
28 190 18815
29 3 1
29 82 42243
29 87 24046
29 91 8259
30 84 21882
30 85 6270
30 125 32476
30 131 18555
30 172 36795
30 183 8326
31 67 63513
31 74 7279
31 80 43690
32 62 3697
32 88 30698
32 102 40983
32 126 33267
32 182 50674
32 187 44654
33 81 18561
33 89 57088
33 127 9503
33 128 56312
33 171 37610
33 186 26048
34 54 8652
34 71 41440
34 93 62455
34 113 55640
34 116 39458
35 4 1
35 92 31204
35 115 43078
35 132 50566
36 22 42248
36 48 5597
36 133 4453
36 141 11854
36 152 10970
36 166 21682
37 106 34832
37 134 6428
37 139 15944
38 44 17196
38 45 48653
38 105 47574
38 135 28785
38 164 46994
38 165 46886
39 43 8921
39 136 20643
39 137 58603
39 153 30318
39 163 49887
40 5 1
40 54 50420
40 71 16343
40 93 13058
40 113 16532
40 116 10077
41 6 1
41 73 5193
41 94 24410
41 117 16222
42 7 1
42 56 13205
42 69 2868
42 95 62424
42 110 15794
42 118 6478
43 8 1
43 60 12226
43 96 24455
43 109 42783
44 9 1
44 70 55698
44 97 36875
44 119 8158
45 70 11061
45 97 62495
45 119 26174
46 111 2841
46 112 24333
46 142 31836
46 161 16762
46 180 49614
47 56 33109
47 69 48535
47 95 47562
47 110 61266
47 118 40439
48 72 25408
48 90 54427
48 98 35610
49 73 6986
49 94 13275
49 117 37409
50 31 21310
50 146 45576
50 157 33847
50 169 63103
50 178 58999
51 22 15558
51 48 65478
51 133 21430
51 141 38475
51 152 43599
51 166 12979
52 29 37228
52 148 54153
52 155 24803
52 170 62872
52 175 17304
53 35 36143
53 108 51344
53 114 19151
53 143 56952
53 160 53814
53 181 33915
54 10 1
54 34 21896
54 40 49340
55 41 58806
55 49 45758
55 104 48709
55 140 50243
55 162 19288
55 167 45261
56 42 64660
56 47 62617
56 107 15956
56 138 23070
57 43 32048
57 136 12523
57 137 993
57 153 56396
57 163 19316
58 44 985
58 45 57740
58 105 16992
58 135 49510
58 164 26465
58 165 59281
59 31 14657
59 146 45824
59 157 44420
59 169 50726
59 178 52239
60 43 2499
60 136 35702
60 137 34268
60 153 20311
60 163 60278
61 81 56313
61 89 22971
61 127 19349
61 128 33032
61 171 56040
61 186 241
62 11 1
62 124 40376
62 144 57979
62 158 34408
63 75 10246
63 122 60510
63 174 38009
63 179 59586
63 189 32334
63 191 41151
64 121 43911
64 149 39704
64 151 22053
65 29 62208
65 148 4673
65 155 46680
65 170 62546
65 175 64204
66 77 7357
66 120 17779
66 176 3675
66 177 49018
66 188 30107
66 190 36827
67 31 53533
67 146 37075
67 157 14967
67 169 6529
67 178 26063
68 111 25916
68 112 728
68 142 65267
68 161 38331
68 180 13564
69 12 1
69 42 29201
69 47 56711
69 107 5246
69 138 5457
70 44 23167
70 45 18849
70 105 7775
70 135 14885
70 164 4412
70 165 10544
71 34 7100
71 40 58413
72 22 42240
72 48 9784
72 133 44199
72 141 58862
72 152 56535
72 166 25555
73 41 15953
73 49 54899
73 104 13732
73 140 35657
73 162 8384
73 167 63070
74 31 54839
74 146 8652
74 157 41440
74 169 62455
74 178 55640
75 13 1
75 129 27944
75 145 7806
75 168 36711
76 62 6999
76 88 18537
76 102 40772
76 126 14327
76 182 12534
76 187 54532
77 154 6130
77 173 189
78 84 65368
78 85 12373
78 125 25895
78 131 4340
78 172 50235
78 183 36087
79 64 12183
79 83 36359
79 100 53340
79 130 42983
79 184 45436
79 185 38308
80 14 1
80 31 34640
80 146 50420
80 157 16343
80 169 13058
80 178 16532
81 15 1
81 123 5733
81 147 17581
81 159 16537
82 16 1
82 29 50393
82 148 55220
82 155 62688
82 170 54971
82 175 22476
83 17 1
83 121 48789
83 149 24300
83 151 28719
84 18 1
84 99 36353
84 150 55220
84 156 64568
85 99 61327
85 150 54668
85 156 8352
86 77 47074
86 120 22178
86 176 39416
86 177 19352
86 188 9504
86 190 53734
87 29 22212
87 148 11387
87 155 62313
87 170 50376
87 175 7387
88 124 38240
88 144 11404
88 158 37996
89 123 34582
89 147 39930
89 159 1646
90 22 61276
90 48 63535
90 133 9816
90 141 63336
90 152 52493
90 166 23784
91 29 59751
91 148 57055
91 155 45509
91 170 40203
91 175 18313
92 35 33480
92 108 25576
92 114 51082
92 143 31109
92 160 5378
92 181 39647
93 19 1
93 34 45203
93 40 43220
94 41 25648
94 49 33247
94 104 17423
94 140 34676
94 162 44648
94 167 50689
95 42 60089
95 47 15637
95 107 51992
95 138 43541
96 43 35489
96 136 41294
96 137 32700
96 153 39915
96 163 54065
97 44 4155
97 45 46331
97 105 44582
97 135 44020
97 164 18950
97 165 61585
98 22 16990
98 48 7043
98 133 57836
98 141 25260
98 152 30040
98 166 5182
99 84 27705
99 85 59159
99 125 57471
99 131 42759
99 172 26144
99 183 59155
100 20 1
100 121 44008
100 149 18485
100 151 61837
101 77 58143
101 120 54297
101 176 40806
101 177 274
101 188 25774
101 190 8139
102 124 39560
102 144 8828
102 158 4226
103 75 55255
103 122 31275
103 174 26550
103 179 29762
103 189 17800
103 191 37280
104 21 1
104 73 20889
104 94 58293
104 117 31083
105 70 58493
105 97 56983
105 119 1672
106 111 48829
106 112 15617
106 142 47102
106 161 45213
106 180 58730
107 56 12043
107 69 8913
107 95 62702
107 110 7003
107 118 9548
108 23 1
108 92 52570
108 115 16083
108 132 36074
109 24 1
109 43 8105
109 136 21075
109 137 55959
109 153 18865
109 163 35248
110 25 1
110 42 41150
110 47 48062
110 107 22267
110 138 24451
111 26 1
111 106 31405
111 134 45015
111 139 19971
112 106 26576
112 134 13179
112 139 26525
113 34 54376
113 40 7112
114 92 48549
114 115 9447
114 132 48011
115 35 50479
115 108 48959
115 114 31578
115 143 57258
115 160 58860
115 181 13508
116 27 1
116 34 12916
116 40 51333
117 41 17176
117 49 55987
117 104 58675
117 140 1355
117 162 17727
117 167 60212
118 42 37161
118 47 29112
118 107 19949
118 138 52694
119 44 3361
119 45 55052
119 105 26805
119 135 44613
119 164 58857
119 165 58091
120 28 1
120 154 48755
120 173 55537
121 64 64824
121 83 16223
121 100 400
121 130 45091
121 184 42532
121 185 55843
122 129 27924
122 145 22868
122 168 48417
123 81 32299
123 89 7626
123 127 25
123 128 63549
123 171 38645
123 186 62381
124 62 5149
124 88 56189
124 102 43692
124 126 3360
124 182 30766
124 187 64893
125 30 1
125 99 25378
125 150 39118
125 156 48487
126 32 1
126 124 20260
126 144 8451
126 158 54822
127 33 1
127 123 56372
127 147 18867
127 159 44832
128 123 20027
128 147 25971
128 159 28921
129 75 12515
129 122 42710
129 174 50172
129 179 63520
129 189 37339
129 191 48158
130 121 26724
130 149 273
130 151 51730
131 99 10978
131 150 33651
131 156 10536
132 35 19374
132 108 44452
132 114 681
132 143 23882
132 160 16747
132 181 61475
133 36 1
133 72 40127
133 90 20404
133 98 46188
134 37 1
134 111 57938
134 112 59481
134 142 10351
134 161 52289
134 180 34798
135 38 1
135 70 10081
135 97 52602
135 119 53169
136 39 1
136 60 9200
136 96 13471
136 109 5909
137 60 64687
137 96 31890
137 109 23126
138 56 12786
138 69 61009
138 95 24529
138 110 20620
138 118 52541
139 111 30672
139 112 41503
139 142 48112
139 161 18160
139 180 46593
140 73 35727
140 94 22064
140 117 51064
141 72 55906
141 90 28455
141 98 38383
142 46 1
142 106 41692
142 134 31108
142 139 52888
143 92 54418
143 115 20936
143 132 38860
144 62 39588
144 88 29264
144 102 53277
144 126 65356
144 182 44464
144 187 41412
145 75 62792
145 122 41617
145 174 38498
145 179 36997
145 189 27252
145 191 26520
146 50 1
146 67 48917
146 74 57188
146 80 55546
147 81 9824
147 89 46049
147 127 7480
147 128 64878
147 171 22674
147 186 21872
148 82 58266
148 87 40852
148 91 65015
149 64 5472
149 83 55127
149 100 6910
149 130 44837
149 184 19299
149 185 54336
150 84 43868
150 85 7110
150 125 19061
150 131 8194
150 172 11813
150 183 30086
151 64 64978
151 83 58599
151 100 23373
151 130 60111
151 184 2500
151 185 59826
152 51 1
152 72 6371
152 90 56201
152 98 45300
153 60 30192
153 96 7525
153 109 18759
154 77 2080
154 120 31307
154 176 61356
154 177 18460
154 188 34353
154 190 50788
155 52 1
155 82 18224
155 87 34382
155 91 60158
156 84 49036
156 85 57524
156 125 51744
156 131 32897
156 172 28989
156 183 51920
157 67 2929
157 74 23215
157 80 5355
158 62 31342
158 88 51905
158 102 30961
158 126 4016
158 182 64446
158 187 49772
159 81 60887
159 89 21709
159 127 23881
159 128 44979
159 171 40846
159 186 43938
160 53 1
160 92 20474
160 115 45350
160 132 54659
161 106 44401
161 134 31008
161 139 48772
162 55 1
162 73 43235
162 94 22714
162 117 6015
163 57 1
163 60 48800
163 96 47640
163 109 51838
164 58 1
164 70 10519
164 97 35770
164 119 56313
165 70 30249
165 97 10903
165 119 14873
166 72 6657
166 90 46076
166 98 35920
167 73 19261
167 94 21695
167 117 23352
168 75 8344
168 122 46921
168 174 26330
168 179 64072
168 189 56963
168 191 40426
169 59 1
169 67 27103
169 74 8897
169 80 36546
170 82 31521
170 87 63201
170 91 1624
171 61 1
171 123 47013
171 147 39433
171 159 3193
172 99 2593
172 150 1954
172 156 47099
173 77 14703
173 120 26638
173 176 4739
173 177 22401
173 188 18209
173 190 8926
174 63 1
174 129 8159
174 145 49227
174 168 6348
175 65 1
175 82 15577
175 87 46731
175 91 40799
176 66 1
176 154 35770
176 173 44884
177 154 2521
177 173 13231
178 67 40037
178 74 19801
178 80 51650
179 129 45875
179 145 54714
179 168 58734
180 68 1
180 106 35027
180 134 59915
180 139 1487
181 92 26374
181 115 29278
181 132 60691
182 76 1
182 124 48272
182 144 7239
182 158 44144
183 78 1
183 99 21209
183 150 3356
183 156 43418
184 79 1
184 121 23263
184 149 9086
184 151 53739
185 121 48088
185 149 1299
185 151 10441
186 123 21070
186 147 19593
186 159 23462
187 124 48684
187 144 15090
187 158 60082
188 86 1
188 154 19358
188 173 54252
189 129 31314
189 145 62031
189 168 58555
190 101 1
190 154 16347
190 173 1934
191 103 1
191 129 56622
191 145 60144
191 168 15461
192 192 192
0 23 17695
0 53 1292
0 92 752
0 115 62478
0 132 54768
1 63 17695
1 103 51832
1 129 55528
1 145 1292
1 168 752
2 21 48906
2 55 23887
2 73 44348
2 94 17695
2 117 46237
3 28 22084
3 66 20168
3 86 27558
3 101 17695
3 154 52314
3 173 34335
4 0 1
4 40 6485
5 35 11239
5 108 17695
5 114 29070
5 143 62758
5 160 20440
5 181 37536
6 36 53895
6 51 304
6 72 55221
6 90 12597
6 98 38982
7 37 60400
7 111 12793
7 112 17695
7 142 26277
7 161 17265
7 180 13759
8 38 7122
8 58 40764
8 70 52355
8 97 55196
8 119 44669
9 39 38820
9 57 56392
9 60 13380
9 96 50088
9 109 51668
10 53 46306
10 92 45898
10 115 63212
10 132 22369
11 61 57613
11 123 64854
11 147 12351
12 68 48151
12 106 35671
12 134 772
12 139 39672
13 1 1
13 67 1549
13 74 39100
13 80 59569
14 75 18586
14 122 30932
14 174 17695
14 179 49904
14 189 34392
14 191 45275
15 76 31666
15 124 54116
15 144 20231
15 158 37551
16 77 63233
16 120 56399
16 176 53208
16 177 17695
16 188 30249
17 78 52674
17 99 55228
17 150 40764
17 156 21941
18 79 58442
18 121 43143
18 149 8800
18 151 60606
19 53 22415
19 92 58669
19 115 30435
19 132 28054
20 78 18127
20 99 58655
20 156 11634
21 2 1
21 36 50864
21 51 63380
21 72 15873
21 90 19899
21 98 61750
22 104 29165
22 140 23993
22 162 54646
23 40 48918
24 105 52919
24 135 25479
24 165 64212
25 68 13067
25 106 37322
25 134 27235
25 139 24569
26 107 13757
26 138 12593
27 53 21580
27 92 15591
27 115 49019
27 132 47849
28 3 1
28 82 38681
28 87 12491
28 91 24706
29 77 45106
29 120 52164
29 176 38904
29 188 11098
29 190 17695
30 79 27578
30 121 5809
30 149 45774
30 151 60114
31 75 7279
31 122 59787
31 179 57455
31 189 20271
31 191 38697
32 61 54707
32 123 49763
32 147 65022
32 159 40764
33 76 52416
33 124 23666
33 144 57322
33 158 63525
34 4 1
34 53 56655
34 92 11424
34 115 1658
34 132 27276
35 5 1
35 93 31204
35 113 43873
35 116 43078
36 6 1
36 21 33293
36 55 32817
36 73 44981
36 117 4966
37 7 1
37 95 27828
37 110 34832
37 118 57290
38 8 1
38 39 8705
38 57 30192
38 60 55280
38 96 29383
38 109 47574
39 9 1
39 38 21564
39 58 64227
39 70 1471
39 97 44191
39 119 16082
40 53 41246
40 92 4195
40 115 44224
40 132 32567
41 133 27925
41 141 4278
41 152 62966
41 166 60461
42 68 30134
42 106 24122
42 134 49257
42 139 58567
43 105 40407
43 135 27974
43 164 40764
43 165 49340
44 136 41206
44 137 28928
44 153 32842
44 163 49974
45 136 17656
45 137 63474
45 153 40565
45 163 4396
46 107 2824
46 138 42919
47 68 48402
47 106 53425
47 134 26219
47 139 58040
48 104 48944
48 140 47122
48 162 9987
48 167 40764
49 133 30270
49 141 58182
49 152 9028
49 166 6744
50 103 50251
50 129 50713
50 145 46306
50 168 45898
51 21 18207
51 55 64758
51 73 46543
51 117 41807
52 28 393
52 66 64267
52 86 60044
52 154 57897
52 173 19088
53 10 1
53 40 36143
54 35 21896
54 114 7152
54 143 64053
54 160 37029
54 181 62790
55 36 16104
55 51 17472
55 72 36515
55 90 64969
55 98 62378
56 37 24270
56 111 15956
56 142 23070
56 161 35041
56 180 2606
57 38 35868
57 70 11853
57 97 15101
57 119 35441
58 39 14096
58 57 28641
58 60 35005
58 96 42258
58 109 16992
59 103 24014
59 129 37711
59 145 22415
59 168 58669
60 38 16097
60 70 23733
60 97 18656
60 119 39635
61 11 1
61 76 39303
61 124 63726
61 144 8717
61 158 60053
62 127 40376
62 128 3713
62 171 18267
62 186 9381
63 67 27707
63 74 9984
63 80 10246
64 125 43911
64 131 56883
64 172 47123
64 183 64185
65 28 27863
65 66 64003
65 86 49028
65 154 54266
65 173 16889
66 82 7357
66 87 8447
66 91 56267
67 103 11364
67 129 12835
67 145 21580
67 168 15591
68 12 1
68 107 35134
68 138 40998
69 37 2681
69 111 5246
69 142 5457
69 161 28286
69 180 31276
70 39 22246
70 57 43028
70 60 37237
70 96 56628
70 109 7775
71 35 7100
71 114 59025
71 143 12067
71 160 15798
71 181 63584
72 21 6159
72 55 50835
72 73 30300
72 117 29329
73 36 20686
73 51 2126
73 72 42659
73 90 80
73 98 57718
74 13 1
74 103 15136
74 129 2720
74 145 56655
74 168 11424
75 14 1
75 146 7806
75 157 13857
75 169 36711
75 178 9646
76 15 1
76 61 29674
76 123 13317
76 147 56298
77 16 1
77 148 41239
77 155 6130
77 170 29807
77 175 189
78 17 1
78 79 31658
78 121 29526
78 149 62237
78 151 28328
79 18 1
79 78 43783
79 99 63420
79 150 64227
79 156 54489
80 103 60397
80 129 31767
80 145 41246
80 168 4195
81 102 36782
81 126 5733
81 182 44420
81 187 301
82 28 96
82 66 48811
82 86 25450
82 154 36269
82 173 27703
83 125 48789
83 131 33481
83 172 15713
83 183 60741
84 100 36353
84 130 32199
84 184 49953
84 185 30215
85 100 61327
85 130 20438
85 184 3207
85 185 16459
86 82 47074
86 87 42302
86 91 42058
87 28 43026
87 66 35173
87 86 7357
87 154 45620
87 173 55698
88 127 38240
88 128 1283
88 171 1813
88 186 766
89 102 50041
89 126 34582
89 182 60544
89 187 62912
90 21 18098
90 55 9869
90 73 59035
90 117 1776
91 28 51111
91 66 64276
91 86 26021
91 154 7348
91 173 30073
92 19 1
92 40 33480
93 35 45203
93 114 24193
93 143 8988
93 160 54751
93 181 5062
94 36 45449
94 51 48822
94 72 44775
94 90 37386
94 98 15704
95 37 2381
95 111 51992
95 142 43541
95 161 60989
95 180 36999
96 38 43577
96 70 26637
96 97 5128
96 119 31754
97 39 19096
97 57 58707
97 60 29606
97 96 47742
97 109 44582
98 21 13573
98 55 5731
98 73 39405
98 117 18014
99 20 1
99 79 27915
99 121 48777
99 149 53444
99 151 40119
100 125 44008
100 131 44579
100 172 46386
100 183 48128
101 82 58143
101 87 44271
101 91 27855
102 127 39560
102 128 65364
102 171 56742
102 186 24107
103 67 1131
103 74 42777
103 80 55255
104 22 1
104 133 12487
104 141 54555
104 152 43643
104 166 9832
105 24 1
105 136 32117
105 137 38583
105 153 58207
105 163 56095
106 25 1
106 107 45624
106 138 64215
107 26 1
107 68 40582
107 106 10937
107 134 21533
107 139 10298
108 93 52570
108 113 41822
108 116 16083
109 38 58798
109 70 17828
109 97 30244
109 119 57815
110 37 44590
110 111 22267
110 142 24451
110 161 52922
110 180 65122
111 95 47376
111 110 31405
111 118 11356
112 95 58412
112 110 26576
112 118 13788
113 35 54376
113 114 31986
113 143 14502
113 160 37998
113 181 47195
114 93 48549
114 113 54503
114 116 9447
115 27 1
115 40 50479
116 35 12916
116 114 18072
116 143 2548
116 160 34014
116 181 9424
117 36 61701
117 51 43043
117 72 64138
117 90 58203
117 98 9549
118 37 12075
118 111 19949
118 142 52694
118 161 18749
118 180 23647
119 39 3095
119 57 4825
119 60 9477
119 96 46628
119 109 26805
120 29 1
120 148 61521
120 155 48755
120 170 21317
120 175 55537
121 30 1
121 78 57169
121 99 40486
121 156 20908
122 31 1
122 146 22868
122 157 58494
122 169 48417
122 178 63042
123 32 1
123 76 54307
123 124 32125
123 144 57283
123 158 35616
124 33 1
124 61 38843
124 123 41569
124 147 7108
124 159 64227
125 100 25378
125 130 40075
125 184 22022
125 185 29869
126 127 20260
126 128 48155
126 171 15955
126 186 61438
127 102 28489
127 126 56372
127 182 17148
127 187 35520
128 102 42237
128 126 20027
128 182 64554
128 187 49030
129 67 31095
129 74 16006
129 80 12515
130 125 26724
130 131 17202
130 172 23437
130 183 32914
131 100 10978
131 130 22934
131 184 64099
131 185 10665
132 34 1
132 40 19374
133 41 1
133 104 54375
133 140 56632
133 162 21097
134 42 1
134 107 8254
134 138 54393
135 43 1
135 136 65395
135 137 9588
135 153 13080
135 163 36838
136 44 1
136 105 29523
136 135 36947
136 164 64227
136 165 58772
137 45 1
137 105 19974
137 135 39637
137 165 25785
138 46 1
138 68 35321
138 106 24856
138 134 55026
138 139 19317
139 47 1
139 107 41240
139 138 8491
140 48 1
140 133 1661
140 141 48238
140 152 8541
140 166 15668
141 49 1
141 104 1346
141 140 33880
141 162 62193
141 167 64227
142 95 60900
142 110 41692
142 118 33847
143 93 54418
143 113 58381
143 116 20936
144 61 29906
144 123 52320
144 147 62926
145 50 1
145 67 56231
145 74 7047
145 80 62792
146 75 57188
146 122 47883
146 179 6583
146 189 53195
146 191 15809
147 76 12862
147 124 18611
147 144 18030
147 158 52883
148 77 59958
148 120 12320
148 176 35154
148 188 8217
149 78 6164
149 99 30474
149 156 62218
150 79 58839
150 121 25395
150 149 21563
150 151 37612
151 78 38685
151 99 17402
151 156 39545
152 104 46294
152 140 1361
152 162 15433
153 105 49911
153 135 17518
153 165 49844
154 52 1
154 82 2080
154 87 62498
154 91 9769
155 77 17415
155 120 812
155 176 58663
155 188 51122
156 79 14936
156 121 61466
156 149 5460
156 151 43995
157 75 23215
157 122 43485
157 179 38017
157 189 3941
157 191 31583
158 61 35633
158 123 3819
158 147 56471
159 76 60687
159 124 9099
159 144 31505
159 158 21872
160 54 1
160 93 20474
160 113 55394
160 116 45350
161 56 1
161 95 31538
161 110 44401
161 118 9829
162 133 42658
162 141 65402
162 152 10497
162 166 687
163 105 4382
163 135 11645
163 165 7874
164 136 50301
164 137 9825
164 153 15425
164 163 48310
165 136 2938
165 137 34026
165 153 12532
165 163 36441
166 104 42915
166 140 30145
166 162 9668
167 133 56320
167 141 11542
167 152 37261
167 166 43053
168 59 1
168 67 36773
168 74 16138
168 80 8344
169 75 8897
169 122 30763
169 179 6071
169 189 56971
169 191 33202
170 77 43694
170 120 5221
170 176 27972
170 188 8051
171 62 1
171 102 17239
171 126 47013
171 182 26470
171 187 41717
172 64 1
172 100 2593
172 130 61003
172 184 46761
172 185 21863
173 65 1
173 82 14703
173 87 54873
173 91 46947
174 146 49227
174 157 29557
174 169 6348
174 178 3855
175 77 45571
175 120 10173
175 176 33185
175 188 40146
176 148 21750
176 155 35770
176 170 63818
176 175 44884
177 148 54894
177 155 2521
177 170 59771
177 175 13231
178 75 19801
178 122 25839
178 179 52170
178 189 53206
178 191 39236
179 146 54714
179 157 2923
179 169 58734
179 178 42340
180 69 1
180 95 58094
180 110 35027
180 118 42689
181 71 1
181 93 26374
181 113 51810
181 116 29278
182 81 1
182 127 48272
182 128 9721
182 171 30301
182 186 26001
183 83 1
183 100 21209
183 130 59065
183 184 22971
183 185 50334
184 84 1
184 125 23263
184 131 42187
184 172 17932
184 183 55433
185 85 1
185 125 48088
185 131 48122
185 172 55906
185 183 13872
186 88 1
186 102 31051
186 126 21070
186 182 34940
186 187 42832
187 89 1
187 127 48684
187 128 3833
187 171 26499
187 186 3243
188 148 49661
188 155 19358
188 170 35024
188 175 54252
189 146 62031
189 157 51026
189 169 58555
189 178 58702
190 148 56104
190 155 16347
190 170 5977
190 175 1934
191 146 60144
191 157 50235
191 169 15461
191 178 47810
192 192 192
0 52 36457
0 65 62635
0 82 16288
0 87 12955
0 91 14746
1 25 8075
1 42 43932
1 47 16524
1 107 51832
1 138 55528
2 79 44348
2 121 46237
2 149 8530
2 151 13443
3 0 1
3 27 63127
3 34 22084
3 40 34806
4 66 41977
4 86 58813
4 101 8320
4 154 35015
4 173 33824
5 148 42304
5 155 45018
5 170 6419
5 175 17759
6 78 55221
6 99 38982
6 150 9733
6 156 38949
7 146 48651
7 157 53834
7 169 13892
7 178 38015
8 32 43265
8 76 52355
8 124 44669
8 144 10302
8 158 37141
9 61 13380
9 123 16032
9 147 10815
9 159 39169
10 52 10160
10 65 42684
10 82 33847
10 87 5505
10 91 27352
11 60 338
11 96 5312
11 109 43501
12 1 1
12 50 19330
12 59 35230
12 67 22583
12 74 48151
12 80 38168
13 68 1549
13 106 46357
13 134 65293
13 139 21718
14 69 15370
14 95 10542
14 110 54816
14 118 56354
15 70 58625
15 97 49813
15 119 8950
16 71 12706
16 93 29514
16 113 47946
16 116 14785
17 72 50093
17 90 31006
17 98 35069
18 73 32644
18 94 32828
18 117 7719
19 52 49597
19 65 23492
19 82 44420
19 87 7870
19 91 33111
20 2 1
20 72 38513
20 90 1718
20 98 7259
21 78 15873
21 99 61750
21 150 32082
21 156 6511
22 64 52210
22 83 54468
22 100 60211
22 130 21718
22 184 46181
22 185 32883
23 66 54171
23 86 43305
23 101 44388
23 154 42866
23 173 5295
24 62 42864
24 88 41413
24 102 37808
24 126 20093
24 182 56035
24 187 42571
25 50 61600
25 59 49713
25 67 56819
25 74 13067
25 80 46954
26 63 39351
26 103 56605
26 129 4337
26 145 24760
26 168 34122
27 3 1
27 52 62909
27 65 38708
27 82 14967
27 87 43364
27 91 41925
28 4 1
28 92 24706
28 115 44007
28 132 15667
29 5 1
29 71 55565
29 93 8259
29 113 32023
29 116 5414
30 6 1
30 73 31059
30 94 3124
30 117 15284
31 7 1
31 69 63513
31 95 52425
31 110 17384
31 118 6472
32 8 1
32 60 32212
32 96 43748
32 109 40983
33 9 1
33 70 54119
33 97 15457
33 119 26166
34 52 36661
34 65 49903
34 82 41440
34 87 13753
34 91 36043
35 120 43078
35 176 61412
35 177 62496
35 188 1833
35 190 62820
36 79 44981
36 121 4966
36 149 65073
36 151 45362
37 122 57290
37 174 14456
37 179 33151
37 189 35748
37 191 42270
38 61 55280
38 123 46574
38 147 381
38 159 29831
39 32 29686
39 76 1471
39 124 16082
39 144 9539
39 158 17756
40 52 32551
40 65 23219
40 82 16343
40 87 5638
40 91 9574
41 84 5193
41 85 691
41 125 16222
41 131 64445
41 172 31322
41 183 46773
42 50 34822
42 59 16765
42 67 7676
42 74 30134
42 80 2868
43 62 12226
43 88 36460
43 102 21912
43 126 39745
43 182 65487
43 187 32487
44 81 55698
44 89 41590
44 127 8158
44 128 42738
44 171 41514
44 186 25569
45 81 11061
45 89 42879
45 127 26174
45 128 16565
45 171 23788
45 186 14403
46 63 11094
46 103 34111
46 129 5510
46 145 20050
46 168 3311
47 50 41084
47 59 45139
47 67 6802
47 74 48402
47 80 48535
48 64 24681
48 83 25408
48 100 35610
48 130 35304
48 184 14050
48 185 33613
49 84 6986
49 85 693
49 125 37409
49 131 13655
49 172 29570
49 183 15442
50 25 64729
50 42 21310
50 47 32256
50 107 50251
50 138 50713
51 79 46543
51 121 41807
51 149 58797
51 151 26701
52 10 1
52 27 61549
52 34 393
52 40 37228
53 66 10663
53 86 53349
53 101 40796
53 154 46266
53 173 45716
54 148 51229
54 155 58858
54 170 54094
54 175 59071
55 78 36515
55 99 62378
55 150 52015
55 156 31018
56 146 62458
56 157 3686
56 169 11514
56 178 18141
57 32 55367
57 76 11853
57 124 35441
57 144 12780
57 158 62223
58 61 35005
58 123 46100
58 147 22024
58 159 39513
59 25 25939
59 42 14657
59 47 17670
59 107 24014
59 138 37711
60 11 1
60 32 65115
60 76 23733
60 124 39635
60 144 54672
60 158 45388
61 70 62044
61 97 17902
61 119 40326
62 136 40376
62 137 3713
62 153 54371
62 163 34408
63 68 27707
63 106 11159
63 134 60510
63 139 28239
64 133 43911
64 141 56883
64 152 22053
64 166 42121
65 27 30230
65 34 27863
65 40 62208
66 92 56267
66 115 39330
66 132 56862
67 12 1
67 25 14749
67 42 53533
67 47 63680
67 107 11364
67 138 12835
68 13 1
68 63 49264
68 103 10167
68 129 29167
68 145 50147
68 168 35063
69 14 1
69 146 58241
69 157 21281
69 169 15941
69 178 1143
70 15 1
70 61 37237
70 123 38262
70 147 22577
70 159 58473
71 16 1
71 148 15217
71 155 22255
71 170 41553
71 175 21510
72 17 1
72 79 30300
72 121 29329
72 149 40307
72 151 8114
73 18 1
73 78 42659
73 99 57718
73 150 26264
73 156 11734
74 25 8234
74 42 54839
74 47 20295
74 107 15136
74 138 2720
75 112 51049
75 142 27944
75 161 13857
75 180 45520
76 60 59594
76 96 43917
76 109 40772
77 114 28283
77 143 10592
77 160 6130
77 181 43405
78 73 4667
78 94 24465
78 117 45749
79 72 51108
79 90 36332
79 98 12177
80 25 37485
80 42 34640
80 47 24458
80 107 60397
80 138 31767
81 105 36782
81 135 5733
81 164 16537
81 165 16600
82 27 46828
82 34 96
82 40 50393
83 133 48789
83 141 33481
83 152 28719
83 166 40886
84 104 36353
84 140 32199
84 162 64568
84 167 26866
85 104 61327
85 140 20438
85 162 8352
85 167 65231
86 92 42058
86 115 8891
86 132 2177
87 27 15466
87 34 43026
87 40 22212
88 136 38240
88 137 1283
88 153 437
88 163 37996
89 105 50041
89 135 34582
89 164 1646
89 165 53552
90 79 59035
90 121 1776
90 149 8523
90 151 20268
91 19 1
91 27 32207
91 34 51111
91 40 59751
92 66 41299
92 86 52411
92 101 53778
92 154 42304
92 173 61255
93 148 45308
93 155 39639
93 170 59072
93 175 27897
94 78 44775
94 99 15704
94 150 22280
94 156 34903
95 146 64051
95 157 49428
95 169 34331
95 178 13252
96 32 22420
96 76 26637
96 124 31754
96 144 52952
96 158 10288
97 61 29606
97 123 1538
97 147 41470
97 159 42856
98 20 1
98 79 39405
98 121 18014
98 149 55922
98 151 14968
99 21 1
99 73 60138
99 94 23968
99 117 52354
100 22 1
100 133 44008
100 141 44579
100 152 61837
100 166 14077
101 23 1
101 92 27855
101 115 5978
101 132 18878
102 24 1
102 136 39560
102 137 65364
102 153 52485
102 163 4226
103 26 1
103 68 1131
103 106 1491
103 134 31275
103 139 41343
104 84 20889
104 85 40871
104 125 31083
104 131 42330
104 172 8074
104 183 37099
105 81 58493
105 89 61051
105 127 1672
105 128 53884
105 171 18017
105 186 25826
106 63 52245
106 103 2234
106 129 57387
106 145 62940
106 168 4100
107 50 48358
107 59 57920
107 67 21358
107 74 40582
107 80 8913
108 120 16083
108 176 12540
108 177 64926
108 188 43494
108 190 10993
109 32 55915
109 76 17828
109 124 57815
109 144 59844
109 158 44775
110 146 65105
110 157 53043
110 169 33396
110 178 60473
111 122 11356
111 174 51181
111 179 10652
111 189 6142
111 191 56885
112 122 13788
112 174 8555
112 179 34449
112 189 45940
112 191 24057
113 148 33973
113 155 98
113 170 24464
113 175 11868
114 120 9447
114 176 33756
114 177 2456
114 188 43942
114 190 31661
115 28 1
115 66 24898
115 86 36319
115 101 42157
115 154 61174
115 173 46901
116 29 1
116 148 21307
116 155 15154
116 170 61979
116 175 8969
117 30 1
117 78 64138
117 99 9549
117 150 58395
117 156 8007
118 31 1
118 146 17156
118 157 53351
118 169 17135
118 178 51372
119 33 1
119 61 9477
119 123 180
119 147 57918
119 159 41278
120 35 1
120 114 13869
120 143 7882
120 160 48755
120 181 23696
121 36 1
121 72 64771
121 90 5267
121 98 650
122 37 1
122 112 34813
122 142 27924
122 161 58494
122 180 46297
123 38 1
123 70 49647
123 97 14434
123 119 26688
124 39 1
124 60 56439
124 96 22739
124 109 43692
125 41 1
125 104 25378
125 140 40075
125 162 48487
125 167 60969
126 43 1
126 136 20260
126 137 48155
126 153 28414
126 163 54822
127 44 1
127 105 28489
127 135 56372
127 164 44832
127 165 10077
128 45 1
128 105 42237
128 135 20027
128 164 28921
128 165 46161
129 46 1
129 68 31095
129 106 1655
129 134 42710
129 139 3623
130 48 1
130 133 26724
130 141 17202
130 152 51730
130 166 63184
131 49 1
131 104 10978
131 140 22934
131 162 10536
131 167 65471
132 66 41946
132 86 48994
132 101 39602
132 154 17184
132 173 48841
133 64 13284
133 83 40127
133 100 46188
133 130 38847
133 184 40850
133 185 37104
134 63 29732
134 103 40012
134 129 37328
134 145 14616
134 168 63618
135 81 10081
135 89 8592
135 127 53169
135 128 10945
135 171 58779
135 186 19511
136 62 9200
136 88 2534
136 102 5972
136 126 3474
136 182 15432
136 187 29224
137 62 64687
137 88 54922
137 102 40241
137 126 41425
137 182 38280
137 187 54374
138 50 20658
138 59 62120
138 67 10751
138 74 35321
138 80 61009
139 63 22544
139 103 56144
139 129 54246
139 145 64160
139 168 58044
140 84 35727
140 85 40920
140 125 51064
140 131 12924
140 172 35746
140 183 22814
141 64 5843
141 83 55906
141 100 38383
141 130 10548
141 184 32731
141 185 21207
142 122 33847
142 174 59245
142 179 59867
142 189 20783
142 191 54030
143 120 20936
143 176 48241
143 177 49094
143 188 2858
143 190 8065
144 60 19296
144 96 28063
144 109 53277
145 68 56231
145 106 994
145 134 41617
145 139 1539
146 69 48917
146 95 23460
146 110 13159
146 118 57348
147 70 26457
147 97 65015
147 119 51006
148 71 8421
148 93 65015
148 113 26805
148 116 49634
149 72 17533
149 90 28953
149 98 7264
150 73 13386
150 94 12834
150 117 24772
151 51 1
151 72 6170
151 90 36758
151 98 31030
152 64 4031
152 83 6371
152 100 45300
152 130 30689
152 184 46482
152 185 54065
153 62 30192
153 88 59203
153 102 10494
153 126 46753
153 182 62135
153 187 22013
154 53 1
154 92 9769
154 115 51708
154 132 36256
155 54 1
155 71 42162
155 93 60158
155 113 1388
155 116 55376
156 55 1
156 73 5672
156 94 56965
156 117 48641
157 56 1
157 69 2929
157 95 27965
157 110 49700
157 118 17784
158 57 1
158 60 35494
158 96 43246
158 109 30961
159 58 1
159 70 47443
159 97 23821
159 119 11178
160 120 45350
160 176 40885
160 177 32238
160 188 59780
160 190 28699
161 122 9829
161 174 5189
161 179 18374
161 189 5265
161 191 33736
162 84 43235
162 85 6538
162 125 6015
162 131 42628
162 172 6008
162 183 46061
163 62 48800
163 88 16875
163 102 5898
163 126 24030
163 182 36765
163 187 51574
164 81 10519
164 89 48106
164 127 56313
164 128 33593
164 171 21106
164 186 485
165 81 30249
165 89 15748
165 127 14873
165 128 40661
165 171 3421
165 186 23451
166 64 19264
166 83 6657
166 100 35920
166 130 48414
166 184 58237
166 185 39936
167 84 19261
167 85 53505
167 125 23352
167 131 28177
167 172 42902
167 183 55356
168 68 36773
168 106 10236
168 134 46921
168 139 47418
169 69 27103
169 95 29388
169 110 52354
169 118 37816
170 71 38137
170 93 1624
170 113 46396
170 116 29027
171 105 17239
171 135 47013
171 164 3193
171 165 35496
172 104 2593
172 140 61003
172 162 47099
172 167 33963
173 92 46947
173 115 55699
173 132 60283
174 112 25990
174 142 8159
174 161 29557
174 180 27463
175 71 24896
175 93 40799
175 113 54294
175 116 39329
176 114 52405
176 143 22133
176 160 35770
176 181 49379
177 114 36972
177 143 31928
177 160 2521
177 181 8008
178 69 40037
178 95 63352
178 110 8917
178 118 38774
179 112 59945
179 142 45875
179 161 2923
179 180 46799
180 75 1
180 122 42689
180 174 44795
180 179 11800
180 189 53630
180 191 42354
181 77 1
181 120 29278
181 176 15937
181 177 54255
181 188 6794
181 190 50124
182 136 48272
182 137 9721
182 153 55739
182 163 44144
183 104 21209
183 140 59065
183 162 43418
183 167 14468
184 133 23263
184 141 42187
184 152 53739
184 166 40954
185 133 48088
185 141 48122
185 152 10441
185 166 60584
186 105 31051
186 135 21070
186 164 23462
186 165 28703
187 136 48684
187 137 3833
187 153 42770
187 163 60082
188 114 28539
188 143 42829
188 160 19358
188 181 49869
189 112 15937
189 142 31314
189 161 51026
189 180 39911
190 108 1
190 114 22511
190 143 50886
190 160 16347
190 181 17005
191 111 1
191 112 4867
191 142 56622
191 161 50235
191 180 10510
192 192 192
0 36 17695
0 51 56000
0 72 62635
0 90 45074
0 98 14746
1 32 8075
1 76 17695
1 124 51832
1 144 56000
1 158 62635
2 0 1
2 34 48906
2 40 43110
3 79 20168
3 121 17695
3 149 19894
3 151 10055
4 55 15623
4 73 41977
4 94 16111
4 117 8320
5 133 17695
5 141 29070
5 152 19652
5 166 44376
6 53 304
6 92 12597
6 115 38982
6 132 52946
7 136 12793
7 137 17695
7 153 28357
7 163 5125
8 47 7419
8 107 55196
8 138 17695
9 46 36514
9 68 13380
9 106 50088
9 134 51668
9 139 17695
10 51 36635
10 72 42684
10 90 57085
10 98 27352
11 1 1
11 59 31306
11 67 338
11 74 57613
11 80 56940
12 57 50966
12 60 35230
12 96 36198
12 109 60682
13 123 46357
13 147 16410
13 159 32861
14 102 10542
14 126 54816
14 182 17695
14 187 49904
15 63 6603
15 103 49813
15 145 20231
15 168 26983
16 100 29514
16 130 47946
16 184 53208
16 185 17695
17 65 26798
17 82 5513
17 87 48070
17 91 31006
18 66 32510
18 86 36514
18 101 32828
18 154 60606
18 173 57344
19 2 1
19 51 25028
19 72 23492
19 90 54405
19 98 33111
20 3 1
20 65 49944
20 82 45976
20 87 28494
20 91 1718
21 4 1
21 53 63380
21 92 19899
21 115 61750
21 132 4626
22 5 1
22 71 52210
22 93 17791
22 113 21552
22 116 60211
23 6 1
23 55 61502
23 73 54171
23 94 21887
23 117 44388
24 7 1
24 69 42864
24 95 62314
24 110 4532
24 118 37808
25 8 1
25 57 27054
25 60 49713
25 96 46903
25 109 35236
26 9 1
26 58 23404
26 70 39351
26 97 64642
26 119 56605
27 51 8383
27 72 38708
27 90 28129
27 98 41925
28 99 24706
28 150 22647
28 156 4831
29 100 8259
29 130 32023
29 184 38904
30 66 36491
30 101 3124
30 154 60114
30 173 31214
31 102 52425
31 126 17384
31 187 57455
32 59 17652
32 67 32212
32 74 54707
32 80 3697
33 63 47670
33 103 15457
33 129 36514
33 145 57322
33 168 26305
34 51 60357
34 72 49903
34 90 10548
34 98 36043
35 104 31204
35 140 43873
35 162 37950
35 167 30580
36 34 33293
36 40 42248
37 105 27828
37 135 34832
37 164 10333
37 165 28137
38 68 55280
38 106 29383
38 134 47574
39 47 33486
39 107 44191
40 51 27359
40 72 23219
40 90 15823
40 98 9574
41 108 24410
41 114 6346
41 160 62966
41 181 31322
42 57 8025
42 60 16765
42 96 38139
42 109 62424
43 69 12226
43 95 8246
43 110 24455
43 118 21912
44 111 36875
44 112 11319
44 142 36514
44 161 32842
44 180 41514
45 111 62495
45 112 9923
45 161 40565
45 180 23788
46 58 58425
46 70 11094
46 97 48343
46 119 34111
47 57 45331
47 60 45139
47 96 38859
47 109 47562
48 71 24681
48 93 54427
48 113 52373
48 116 35610
49 108 13275
49 114 35024
49 143 36514
49 160 9028
49 181 29570
50 32 64729
50 124 50251
50 144 36635
50 158 42684
51 10 1
51 34 18207
51 40 15558
52 79 64267
52 149 58345
52 151 35343
53 55 61529
53 73 10663
53 94 1954
53 117 40796
54 141 7152
54 152 21836
54 166 56590
55 53 17472
55 92 64969
55 115 62378
55 132 20555
56 136 15956
56 153 10700
56 163 14919
57 47 50701
57 107 15101
58 46 37449
58 68 35005
58 106 42258
58 134 16992
59 11 1
59 32 25939
59 124 24014
59 144 25028
59 158 23492
60 12 1
60 47 51341
60 107 18656
61 13 1
61 63 56714
61 103 17902
61 145 8717
61 168 3637
62 14 1
62 146 57979
62 157 54371
62 169 27068
62 178 35851
63 15 1
63 123 11159
63 147 42017
63 159 2492
64 16 1
64 148 448
64 155 22053
64 170 18971
64 175 3011
65 17 1
65 79 64003
65 149 43402
65 151 52501
66 18 1
66 99 56267
66 150 54849
66 156 59352
67 32 14749
67 124 11364
67 144 8383
67 158 38708
68 58 65300
68 70 49264
68 97 45426
68 119 10167
69 136 5246
69 153 20393
69 163 47090
70 68 37237
70 106 56628
70 134 7775
71 141 59025
71 152 55316
71 166 48574
72 34 6159
72 40 42240
73 53 2126
73 92 80
73 115 57718
73 132 59544
74 32 8234
74 124 15136
74 144 60357
74 158 49903
75 128 51049
75 171 36711
75 186 9646
76 59 22592
76 67 59594
76 74 29674
76 80 6999
77 131 28283
77 172 29807
77 183 189
78 66 1757
78 101 24465
78 154 28328
78 173 54753
79 65 27083
79 82 12183
79 87 12818
79 91 36332
80 32 37485
80 124 60397
80 144 27359
80 158 23219
81 122 36782
81 174 21351
81 179 7898
81 189 48867
81 191 9572
82 79 48811
82 149 15826
82 151 19728
83 148 16647
83 155 28719
83 170 55096
83 175 58355
84 120 36353
84 176 17498
84 177 21508
84 188 15796
84 190 52085
85 120 61327
85 176 24898
85 177 65518
85 188 17126
85 190 30287
86 99 42058
86 150 64647
86 156 34491
87 79 35173
87 149 1173
87 151 9456
88 146 11404
88 157 437
88 169 33456
88 178 26747
89 122 50041
89 174 3767
89 179 58330
89 189 2379
89 191 42342
90 19 1
90 34 18098
90 40 61276
91 20 1
91 79 64276
91 149 60291
91 151 56587
92 21 1
92 55 35561
92 73 41299
92 94 49984
92 117 53778
93 22 1
93 141 24193
93 152 9078
93 166 25433
94 23 1
94 53 48822
94 92 37386
94 115 15704
94 132 60561
95 24 1
95 136 51992
95 153 57247
95 163 16370
96 25 1
96 47 45712
96 107 5128
97 26 1
97 68 29606
97 106 47742
97 134 44582
98 27 1
98 34 13573
98 40 16990
99 28 1
99 66 11598
99 101 23968
99 154 40119
99 173 38185
100 29 1
100 148 39002
100 155 61837
100 170 239
100 175 20095
101 30 1
101 99 27855
101 150 7512
101 156 20678
102 31 1
102 146 8828
102 157 52485
102 169 29885
102 178 64606
103 33 1
103 123 1491
103 147 54046
103 159 30784
104 35 1
104 108 58293
104 114 37441
104 160 43643
104 181 8074
105 37 1
105 111 56983
105 112 36492
105 161 58207
105 180 18017
106 38 1
106 58 37371
106 70 52245
106 97 45961
106 119 2234
107 39 1
107 57 46716
107 60 57920
107 96 30874
107 109 62702
108 41 1
108 104 52570
108 140 41822
108 162 1638
108 167 52446
109 42 1
109 47 38588
109 107 30244
110 43 1
110 136 22267
110 153 4452
110 163 35247
111 44 1
111 105 47376
111 135 31405
111 164 54755
111 165 12674
112 45 1
112 105 58412
112 135 26576
112 164 16018
112 165 61252
113 48 1
113 141 31986
113 152 8201
113 166 6892
114 49 1
114 104 48549
114 140 54503
114 162 60822
114 167 56315
115 55 21568
115 73 24898
115 94 17288
115 117 42157
116 141 18072
116 152 43954
116 166 23628
117 53 43043
117 92 58203
117 115 9549
117 132 4647
118 136 19949
118 153 60036
118 163 33659
119 68 9477
119 106 46628
119 134 26805
120 131 13869
120 172 21317
120 183 55537
121 65 10381
121 82 64824
121 87 60688
121 91 5267
122 128 34813
122 171 48417
122 186 63042
123 63 25905
123 103 14434
123 145 57283
123 168 56555
124 59 16447
124 67 56439
124 74 38843
124 80 5149
125 120 25378
125 176 16417
125 177 37007
125 188 46958
125 190 46213
126 146 8451
126 157 28414
126 169 19410
126 178 42732
127 122 28489
127 174 27558
127 179 7367
127 189 22487
127 191 46683
128 122 42237
128 174 40305
128 179 49302
128 189 38603
128 191 63042
129 123 1655
129 147 16864
129 159 41377
130 148 63947
130 155 51730
130 170 29032
130 175 57915
131 120 10978
131 176 36665
131 177 35857
131 188 50863
131 190 38684
132 55 20575
132 73 41946
132 94 30268
132 117 39602
133 71 13284
133 93 20404
133 113 56038
133 116 46188
134 58 50489
134 70 29732
134 97 9132
134 119 40012
135 111 52602
135 112 35154
135 161 13080
135 180 58779
136 69 9200
136 95 53299
136 110 13471
136 118 5972
137 69 64687
137 95 23300
137 110 31890
137 118 40241
138 57 16305
138 60 62120
138 96 59836
138 109 24529
139 58 45153
139 70 22544
139 97 1157
139 119 56144
140 108 22064
140 114 533
140 160 8541
140 181 35746
141 71 5843
141 93 28455
141 113 20040
141 116 38383
142 105 60900
142 135 41692
142 164 20247
142 165 10557
143 104 54418
143 140 58381
143 162 38317
143 167 5842
144 50 1
144 59 22071
144 67 19296
144 74 29906
144 80 39588
145 123 994
145 147 48196
145 159 4762
146 102 23460
146 126 13159
146 187 6583
147 63 36610
147 103 65015
147 145 18030
147 168 45603
148 100 65015
148 130 26805
148 184 35154
149 65 63119
149 82 5472
149 87 7789
149 91 28953
150 66 11722
150 86 37449
150 101 12834
150 154 37612
150 173 41559
151 52 1
151 65 49565
151 82 64978
151 87 12438
151 91 36758
152 54 1
152 71 4031
152 93 56201
152 113 16287
152 116 45300
153 56 1
153 69 30192
153 95 20780
153 110 7525
153 118 10494
154 99 9769
154 150 41120
154 156 65382
155 100 60158
155 130 1388
155 184 58663
156 66 50608
156 101 56965
156 154 43995
156 173 63406
157 102 27965
157 126 49700
157 187 38017
158 59 54628
158 67 35494
158 74 35633
158 80 31342
159 63 1760
159 103 23821
159 129 37449
159 145 31505
159 168 54800
160 104 20474
160 140 55394
160 162 49990
160 167 20751
161 105 31538
161 135 44401
161 164 21366
161 165 41303
162 108 22714
162 114 58531
162 160 10497
162 181 6008
163 69 48800
163 95 21987
163 110 47640
163 118 5898
164 111 35770
164 112 62727
164 142 37449
164 161 15425
164 180 21106
165 111 10903
165 112 54198
165 161 12532
165 180 3421
166 71 19264
166 93 46076
166 113 39956
166 116 35920
167 108 21695
167 114 55881
167 143 37449
167 160 37261
167 181 42902
168 61 1
168 123 10236
168 147 55759
168 159 56438
169 62 1
169 102 29388
169 126 52354
169 187 6071
170 64 1
170 100 1624
170 130 46396
170 184 27972
171 75 1
171 122 17239
171 174 31000
171 179 24808
171 189 678
171 191 34
172 77 1
172 120 2593
172 176 30008
172 177 62843
172 188 36054
172 190 37742
173 78 1
173 99 46947
173 150 28286
173 156 50551
174 81 1
174 128 25990
174 171 6348
174 186 3855
175 83 1
175 100 40799
175 130 54294
175 184 33185
176 84 1
176 131 52405
176 172 63818
176 183 44884
177 85 1
177 131 36972
177 172 59771
177 183 13231
178 88 1
178 102 63352
178 126 8917
178 187 52170
179 89 1
179 128 59945
179 171 58734
179 186 42340
180 105 58094
180 135 35027
180 164 47491
180 165 45540
181 104 26374
181 140 51810
181 162 45580
181 167 3116
182 146 7239
182 157 55739
182 169 28701
182 178 46410
183 120 21209
183 176 13818
183 177 36899
183 188 44415
183 190 9890
184 148 47564
184 155 53739
184 170 21291
184 175 20169
185 148 47403
185 155 10441
185 170 23511
185 175 39006
186 122 31051
186 174 28289
186 179 3151
186 189 14281
186 191 17692
187 146 15090
187 157 42770
187 169 33574
187 178 60955
188 131 28539
188 172 35024
188 183 54252
189 128 15937
189 171 58555
189 186 58702
190 125 1
190 131 22511
190 172 5977
190 183 1934
191 127 1
191 128 4867
191 171 15461
191 186 47810
192 192 192
0 50 45693
0 59 56000
0 67 36457
0 74 1292
0 80 13889
1 0 1
2 76 23887
2 124 44348
2 144 44612
2 158 8530
3 107 20168
3 138 27558
4 63 15623
4 103 41977
4 129 58813
4 145 12455
4 168 4919
5 146 45303
5 157 42304
5 169 19652
5 178 44376
6 61 304
6 123 55221
6 147 28402
6 159 9733
7 148 37651
7 155 48651
7 170 28357
7 175 5125
8 79 40764
8 121 52355
8 149 439
8 151 10302
9 78 56392
9 99 13380
9 150 55677
9 156 10815
10 1 1
10 50 64531
10 59 36635
10 67 10160
10 74 46306
10 80 45576
11 2 1
11 90 31306
11 98 338
12 3 1
12 52 19330
12 65 50966
12 82 56476
12 87 18509
12 91 35230
13 4 1
13 115 1549
13 132 39100
14 5 1
14 116 15370
15 6 1
15 94 6603
15 117 58625
16 7 1
16 118 12706
17 8 1
17 96 26798
17 109 5513
18 9 1
18 97 32510
18 119 32644
19 50 62800
19 59 25028
19 67 49597
19 74 22415
19 80 45824
20 96 49944
20 109 45976
21 61 63380
21 123 15873
21 147 49124
21 159 32082
22 102 52210
22 126 54468
22 182 54646
23 63 61502
23 103 54171
23 129 43305
23 145 30091
23 168 16485
24 100 42864
24 130 41413
24 185 64212
25 52 61600
25 65 27054
25 82 52135
25 87 62095
25 91 49713
26 66 23404
26 86 41892
26 101 39351
26 154 24760
26 173 17634
27 50 44681
27 59 8383
27 67 62909
27 74 21580
27 80 37075
28 134 38681
28 139 12491
29 118 55565
30 97 36491
30 119 31059
31 116 63513
32 90 17652
32 98 32212
33 94 47670
33 117 54119
34 50 50797
34 59 60357
34 67 36661
34 74 56655
34 80 8652
35 174 37950
35 179 30580
35 189 12019
35 191 61412
36 76 32817
36 124 44981
36 144 52567
36 158 65073
37 176 10333
37 177 28137
37 188 38004
37 190 14456
38 78 30192
38 99 55280
38 150 45701
38 156 381
39 79 64227
39 121 1471
39 149 22820
39 151 9539
40 50 42935
40 59 27359
40 67 32551
40 74 41246
40 80 50420
41 127 5193
41 128 691
41 171 62966
41 186 60461
42 52 34822
42 65 8025
42 82 13205
42 87 57546
42 91 16765
43 100 12226
43 130 36460
43 184 40764
43 185 49340
44 125 55698
44 131 41590
44 172 32842
44 183 49974
45 125 11061
45 131 42879
45 172 40565
45 183 4396
46 66 58425
46 86 59489
46 101 11094
46 154 20050
46 173 55749
47 52 41084
47 65 45331
47 82 33109
47 87 23007
47 91 45139
48 102 24681
48 126 25408
48 182 9987
48 187 40764
49 127 6986
49 128 693
49 171 9028
49 186 6744
50 10 1
51 11 1
51 76 64758
51 124 46543
51 144 31455
51 158 58797
52 12 1
52 107 64267
52 138 60044
53 13 1
53 63 61529
53 103 10663
53 129 53349
53 145 13613
53 168 50716
54 14 1
54 146 16591
54 157 51229
54 169 21836
54 178 56590
55 15 1
55 61 17472
55 123 36515
55 147 23733
55 159 52015
56 16 1
56 148 55457
56 155 62458
56 170 10700
56 175 14919
57 17 1
57 121 11853
57 149 51006
57 151 12780
58 18 1
58 78 28641
58 99 35005
58 150 61391
58 156 22024
59 19 1
60 20 1
60 121 23733
60 149 3930
60 151 54672
61 21 1
61 94 56714
61 117 62044
62 22 1
62 152 57979
62 166 13846
63 23 1
63 115 27707
63 132 9984
64 24 1
64 153 448
64 163 39704
65 25 1
65 107 64003
65 138 49028
66 26 1
66 134 7357
66 139 8447
67 27 1
68 28 1
68 66 65300
68 86 17385
68 101 49264
68 154 50147
68 173 57272
69 29 1
69 148 22996
69 155 58241
69 170 20393
69 175 47090
70 30 1
70 78 43028
70 99 37237
70 150 61204
70 156 22577
71 31 1
71 146 828
71 157 15217
71 169 55316
71 178 48574
72 32 1
72 76 50835
72 124 30300
72 144 19621
72 158 40307
73 33 1
73 61 2126
73 123 42659
73 147 46889
73 159 26264
74 34 1
75 35 1
75 160 7806
75 181 13857
76 36 1
76 90 22592
76 98 59594
77 37 1
77 161 41239
77 180 6130
78 38 1
78 97 1757
78 119 4667
79 39 1
79 96 27083
79 109 12183
80 40 1
81 41 1
81 162 17581
81 167 23338
82 42 1
82 107 48811
82 138 25450
83 43 1
83 153 16647
83 163 24300
84 44 1
84 164 55220
84 165 51632
85 45 1
85 164 54668
85 165 45014
86 46 1
86 134 47074
86 139 42302
87 47 1
87 107 35173
87 138 7357
88 48 1
88 152 11404
88 166 9506
89 49 1
89 162 39930
89 167 47789
90 76 9869
90 124 59035
90 144 1602
90 158 8523
91 107 64276
91 138 26021
92 63 35561
92 103 41299
92 129 52411
92 145 38042
92 168 59236
93 146 55804
93 157 45308
93 169 9078
93 178 25433
94 61 48822
94 123 44775
94 147 42423
94 159 22280
95 148 20828
95 155 64051
95 170 57247
95 175 16370
96 121 26637
96 149 360
96 151 52952
97 78 58707
97 99 29606
97 150 6849
97 156 41470
98 76 5731
98 124 39405
98 144 36425
98 158 55922
99 97 11598
99 119 60138
100 153 39002
100 163 18485
101 134 58143
101 139 44271
102 152 8828
102 166 27328
103 115 1131
103 132 42777
104 127 20889
104 128 40871
104 171 43643
104 186 9832
105 125 58493
105 131 61051
105 172 58207
105 183 56095
106 66 37371
106 86 47353
106 101 52245
106 154 62940
106 173 9987
107 52 48358
107 65 46716
107 82 12043
107 87 52823
107 91 57920
108 174 1638
108 179 52446
108 189 58189
108 191 12540
109 121 17828
109 149 33148
109 151 59844
110 148 42777
110 155 65105
110 170 4452
110 175 35247
111 176 54755
111 177 12674
111 188 7176
111 190 51181
112 176 16018
112 177 61252
112 188 24762
112 190 8555
113 146 32107
113 157 33973
113 169 8201
113 178 6892
114 174 60822
114 179 56315
114 189 20895
114 191 33756
115 63 21568
115 103 24898
115 129 36319
115 145 51956
115 168 2143
116 146 20871
116 157 21307
116 169 43954
116 178 23628
117 61 43043
117 123 64138
117 147 58126
117 159 58395
118 148 1406
118 155 17156
118 170 60036
118 175 33659
119 78 4825
119 99 9477
119 150 30194
119 156 57918
120 161 61521
120 180 48755
121 96 10381
121 109 64824
122 160 22868
122 181 58494
123 94 25905
123 117 49647
124 90 16447
124 98 56439
125 164 39118
125 165 10896
126 152 8451
126 166 54622
127 162 18867
127 167 60270
128 162 25971
128 167 50815
129 115 31095
129 132 16006
130 153 63947
130 163 273
131 164 33651
131 165 62038
132 63 20575
132 103 41946
132 129 48994
132 145 12346
132 168 50367
133 102 13284
133 126 40127
133 182 21097
134 66 50489
134 86 10227
134 101 29732
134 154 14616
134 173 13362
135 125 10081
135 131 8592
135 172 13080
135 183 36838
136 100 9200
136 130 2534
136 184 64227
136 185 58772
137 100 64687
137 130 54922
137 185 25785
138 52 20658
138 65 16305
138 82 12786
138 87 62018
138 91 62120
139 66 45153
139 86 6470
139 101 22544
139 154 64160
139 173 53593
140 127 35727
140 128 40920
140 171 8541
140 186 15668
141 102 5843
141 126 55906
141 182 62193
141 187 64227
142 176 20247
142 177 10557
142 188 40241
142 190 59245
143 174 38317
143 179 5842
143 189 62487
143 191 48241
144 51 1
144 90 22071
144 98 19296
145 53 1
145 115 56231
145 132 7047
146 54 1
146 116 48917
147 55 1
147 94 36610
147 117 26457
148 56 1
148 118 8421
149 57 1
149 96 63119
149 109 5472
150 58 1
150 97 11722
150 119 13386
151 60 1
151 96 49565
151 109 64978
152 62 1
152 102 4031
152 126 6371
152 182 15433
153 64 1
153 100 30192
153 130 59203
153 185 49844
154 68 1
154 134 2080
154 139 62498
155 69 1
155 118 42162
156 70 1
156 97 50608
156 119 5672
157 71 1
157 116 2929
158 72 1
158 90 54628
158 98 35494
159 73 1
159 94 1760
159 117 47443
160 75 1
160 174 49990
160 179 20751
160 189 27838
160 191 40885
161 77 1
161 176 21366
161 177 41303
161 188 7514
161 190 5189
162 81 1
162 127 43235
162 128 6538
162 171 10497
162 186 687
163 83 1
163 100 48800
163 130 16875
163 185 7874
164 84 1
164 125 10519
164 131 48106
164 172 15425
164 183 48310
165 85 1
165 125 30249
165 131 15748
165 172 12532
165 183 36441
166 88 1
166 102 19264
166 126 6657
166 182 9668
167 89 1
167 127 19261
167 128 53505
167 171 37261
167 186 43053
168 92 1
168 115 36773
168 132 16138
169 93 1
169 116 27103
170 95 1
170 118 38137
171 104 1
171 162 39433
171 167 38373
172 105 1
172 164 1954
172 165 24459
173 106 1
173 134 14703
173 139 54873
174 108 1
174 160 49227
174 181 29557
175 110 1
175 118 24896
176 111 1
176 161 21750
176 180 35770
177 112 1
177 161 54894
177 180 2521
178 113 1
178 116 40037
179 114 1
179 160 54714
179 181 2923
180 120 1
180 176 47491
180 177 45540
180 188 7226
180 190 44795
181 122 1
181 174 45580
181 179 3116
181 189 6670
181 191 15937
182 133 1
182 152 7239
182 166 8401
183 135 1
183 164 3356
183 165 9225
184 136 1
184 153 47564
184 163 9086
185 137 1
185 153 47403
185 163 1299
186 140 1
186 162 19593
186 167 58651
187 141 1
187 152 15090
187 166 40877
188 142 1
188 161 49661
188 180 19358
189 143 1
189 160 62031
189 181 51026
190 161 56104
190 180 16347
191 160 60144
191 181 50235
192 192 192
