nbody3
65537
3
99
0 3 1
1 6 1
2 8 1
3 9 1
4 12 1
5 14 1
6 15 1
7 17 1
8 18 1
9 19 1
10 21 1
11 23 1
12 24 1
13 26 1
14 27 1
15 28 1
16 30 1
17 31 1
18 32 1
19 33 1
20 35 1
21 36 1
22 38 1
23 39 1
24 40 1
25 42 1
26 43 1
27 44 1
28 45 1
29 47 1
30 48 1
31 49 1
32 50 1
33 51 1
34 53 1
35 54 1
36 55 1
37 16 1
37 28 2
37 30 2
37 46 1
38 57 1
39 58 1
40 59 1
41 61 1
42 62 1
43 63 1
44 64 1
45 65 1
46 67 1
47 68 1
48 19 1
48 25 65536
48 40 65536
48 42 65534
48 52 1
48 60 65536
48 62 2
49 69 1
50 70 1
51 71 1
52 25 1
52 40 2
52 42 2
52 60 1
53 73 1
54 74 1
55 75 1
56 29 1
56 44 2
56 47 2
56 66 1
57 76 1
58 77 1
59 78 1
60 80 1
61 81 1
62 28 3
62 30 65534
62 37 2
62 45 65533
62 55 1
62 67 65536
63 82 1
64 83 1
65 19 32767
65 33 32764
65 40 32770
65 49 32767
65 51 2
65 59 32770
65 69 32769
65 76 32768
66 84 1
67 19 65534
67 25 2
67 33 65533
67 40 7
67 42 3
67 48 65536
67 49 65536
67 60 2
67 62 65533
67 65 65535
67 80 65536
68 32 1
68 41 65536
68 58 65536
68 61 65534
68 72 1
68 79 65536
68 81 2
69 85 1
70 86 1
71 87 1
72 41 1
72 58 2
72 61 2
72 79 1
73 88 1
74 89 1
75 90 1
76 91 1
77 92 1
78 28 32767
78 45 32764
78 55 32770
78 63 32767
78 65 2
78 75 32770
78 82 32769
78 88 32768
79 93 1
80 16 4
80 19 5
80 25 65535
80 28 5
80 30 10
80 33 12
80 40 65520
80 42 3
80 45 4
80 46 4
80 49 3
80 52 65533
80 55 3
80 60 65535
80 62 3
80 63 65536
80 65 65535
80 67 2
80 75 2
80 78 65535
80 80 3
81 44 3
81 47 65534
81 56 2
81 64 65533
81 74 1
81 84 65536
82 94 1
83 19 65536
83 25 2
83 28 3
83 30 65534
83 32 32767
83 33 32771
83 37 2
83 42 32775
83 45 65533
83 49 32769
83 50 32764
83 52 32766
83 55 1
83 58 32770
83 59 32768
83 60 2
83 62 32764
83 67 65536
83 70 2
83 77 32770
84 19 65536
84 25 1
84 32 65534
84 40 1
84 41 2
84 42 3
84 50 65533
84 52 65536
84 58 7
84 60 1
84 61 3
84 62 65535
84 68 65536
84 79 2
84 81 65533
84 83 65535
84 93 65536
85 95 1
86 96 1
87 19 32770
87 28 12288
87 29 61441
87 30 6144
87 32 8192
87 33 3
87 37 61441
87 40 32767
87 41 57345
87 44 63489
87 45 59391
87 47 49153
87 49 49154
87 51 65530
87 55 45057
87 56 8192
87 58 57345
87 61 40961
87 63 18432
87 64 38913
87 65 24573
87 66 61441
87 67 2048
87 68 12288
87 69 32765
87 71 12292
87 72 8192
87 74 10240
87 75 51202
87 76 32770
87 78 65536
87 79 57345
87 81 16384
87 82 4095
87 83 8192
87 85 1
87 86 61441
87 87 65536
87 88 53249
87 89 63489
87 90 16385
87 91 16384
87 94 32768
87 95 8192
88 19 65513
88 28 65534
88 33 65465
88 40 24
88 44 65534
88 45 65522
88 47 3
88 49 65513
88 51 32
88 55 3
88 56 65535
88 59 24
88 63 65533
88 64 4
88 65 65521
88 69 8
88 71 65535
88 74 65536
88 75 9
88 76 65529
88 82 65526
88 84 1
88 87 65529
88 88 3
88 90 65533
88 94 4
88 95 65535
89 16 32766
89 19 65529
89 25 11
89 28 32774
89 30 49137
89 32 65531
89 33 6
89 37 32776
89 40 8
89 42 32
89 44 49152
89 45 16365
89 46 32766
89 48 32772
89 49 1
89 50 65519
89 52 65526
89 55 32773
89 58 6
89 59 65535
89 60 11
89 62 65513
89 63 16384
89 64 49149
89 65 3
89 67 16381
89 70 8
89 71 32768
89 74 16385
89 75 16383
89 77 6
89 80 65536
89 83 65533
89 86 32768
89 89 49155
89 96 65535
90 19 32767
90 32 32769
90 33 32761
90 40 32770
90 41 32768
90 49 65536
90 51 65531
90 58 32768
90 59 32773
90 61 32767
90 69 32769
90 72 32769
90 76 32766
90 78 8
90 79 32768
90 81 1
90 91 32767
91 97 1
92 16 65536
92 19 65536
92 28 65529
92 30 32773
92 33 65533
92 37 65532
92 40 5
92 42 65534
92 44 32767
92 45 32778
92 46 65536
92 48 65536
92 49 65536
92 52 2
92 55 65533
92 63 32769
92 64 32764
92 67 32770
92 74 32770
92 75 32768
92 80 65536
92 83 2
92 89 32770
93 19 3
93 25 65534
93 28 65534
93 29 4
93 30 3
93 32 5
93 37 65535
93 40 65534
93 41 65535
93 42 65528
93 44 5
93 45 4
93 47 10
93 50 12
93 52 3
93 55 65536
93 58 65520
93 60 65534
93 61 3
93 62 6
93 64 4
93 66 4
93 67 1
93 72 65533
93 74 3
93 79 65535
93 81 3
93 83 65535
93 84 2
93 89 2
93 92 65535
93 93 3
94 19 32769
94 25 32768
94 32 65536
94 40 32768
94 41 2
94 42 32767
94 44 3
94 47 65534
94 49 32767
94 50 32771
94 52 32769
94 56 2
94 60 32768
94 61 32775
94 62 1
94 64 65533
94 69 32764
94 72 32766
94 74 1
94 76 32770
94 77 32768
94 79 2
94 81 32764
94 84 65536
94 85 2
94 91 32770
95 98 1
96 16 4093
96 19 57336
96 25 40961
96 28 53217
96 30 63508
96 32 65534
96 33 65515
96 37 36846
96 40 8205
96 42 24577
96 44 55296
96 45 59424
96 46 4093
96 48 20478
96 49 32763
96 50 32758
96 51 5
96 52 24578
96 55 28661
96 58 3
96 59 8
96 60 40961
96 62 49157
96 63 18433
96 64 38908
96 65 65536
96 67 26631
96 69 1
96 70 65536
96 71 36864
96 74 10241
96 75 10239
96 76 65536
96 77 32773
96 78 1
96 80 32770
96 82 8192
96 83 24570
96 86 36868
96 87 16384
96 89 6147
96 90 40960
96 92 65536
96 96 32766
97 19 65500
97 25 1
97 28 65534
97 29 65536
97 30 32767
97 32 65536
97 33 65429
97 37 1
97 40 37
97 42 3
97 44 32756
97 45 32744
97 47 9
97 49 65501
97 50 65533
97 51 48
97 52 65536
97 55 5
97 56 65529
97 58 5
97 59 36
97 60 1
97 61 65534
97 62 65535
97 63 32761
97 64 32784
97 65 65513
97 66 65536
97 67 32768
97 68 65536
97 69 12
97 71 65534
97 72 2
97 74 32763
97 75 32782
97 76 65525
97 82 65516
97 84 3
97 87 65525
97 88 6
97 89 32768
97 90 65531
97 93 65536
97 94 8
97 95 65534
98 16 45058
98 19 40891
98 25 8192
98 28 32764
98 29 4093
98 30 53250
98 32 8187
98 33 32560
98 37 16385
98 40 57413
98 41 40961
98 42 8193
98 44 4056
98 45 53206
98 46 45058
98 47 16412
98 48 61439
98 49 32696
98 50 49142
98 51 93
98 52 40960
98 55 24585
98 56 24552
98 58 57354
98 59 70
98 60 8192
98 61 24577
98 62 32769
98 63 20468
98 64 61486
98 65 8144
98 66 4093
98 67 45056
98 68 20478
98 69 16397
98 71 32763
98 72 24578
98 74 53234
98 75 12315
98 76 16364
98 77 49157
98 79 40961
98 80 32769
98 81 49157
98 82 36828
98 83 32770
98 84 32778
98 85 65536
98 86 16384
98 87 16361
98 88 28682
98 89 36862
98 90 40949
98 91 32773
98 92 1
98 93 32770
98 94 49158
98 95 24574
98 96 1
98 97 65536
98 98 32766
99 99 99
0 2 1
1 5 1
2 7 1
3 8 1
4 11 1
5 13 1
6 14 1
7 16 1
8 17 1
9 18 1
10 20 1
11 22 1
12 23 1
13 25 1
14 26 1
15 27 1
16 29 1
17 30 1
18 31 1
19 32 1
20 34 1
21 35 1
22 37 1
23 38 1
24 39 1
25 41 1
26 42 1
27 43 1
28 44 1
29 46 1
30 47 1
31 48 1
32 49 1
33 50 1
34 52 1
35 53 1
36 54 1
37 56 1
38 16 1
38 28 2
38 30 2
38 46 1
39 57 1
40 58 1
41 60 1
42 61 1
43 62 1
44 63 1
45 64 1
46 66 1
47 67 1
48 68 1
49 19 1
49 25 65536
49 40 65536
49 42 65534
49 52 1
49 60 65536
49 62 2
50 69 1
51 70 1
52 72 1
53 25 1
53 40 2
53 42 2
53 60 1
54 73 1
55 74 1
56 30 3
56 37 65536
56 45 8
56 48 4
56 55 65535
56 67 3
57 30 1
57 45 2
57 48 2
57 67 1
58 76 1
59 77 1
60 79 1
61 80 1
62 81 1
63 28 3
63 30 65534
63 37 2
63 45 65533
63 55 1
63 67 65536
64 82 1
65 83 1
66 16 65536
66 19 65532
66 25 2
66 28 65535
66 30 65535
66 33 65525
66 40 17
66 42 65534
66 46 65535
66 49 65534
66 52 4
66 60 2
66 62 65533
66 63 65535
66 65 2
66 67 65535
66 75 65535
66 80 65534
67 84 1
68 19 65534
68 25 2
68 33 65533
68 40 7
68 42 3
68 48 65536
68 49 65536
68 60 2
68 62 65533
68 65 65535
68 80 65536
69 25 1
69 28 6
69 30 65531
69 33 1
69 37 4
69 40 2
69 42 1
69 45 65529
69 55 2
69 59 65536
69 60 1
69 62 65534
69 67 65535
69 80 65536
70 85 1
71 86 1
72 19 2
72 33 8
72 40 65533
72 42 3
72 49 2
72 52 65536
72 62 4
72 80 3
73 42 1
73 59 2
73 62 2
73 80 1
74 88 1
75 89 1
76 19 65536
76 33 65533
76 40 5
76 42 65534
76 49 65536
76 52 2
76 80 65536
77 91 1
78 92 1
79 16 12
79 19 15
79 25 65530
79 28 27
79 30 18
79 33 38
79 37 8
79 40 65484
79 42 7
79 45 65533
79 46 12
79 49 9
79 51 8
79 52 65525
79 55 13
79 59 65533
79 60 65529
79 62 12
79 63 65534
79 65 65531
79 67 2
79 69 2
79 75 6
79 76 65535
79 78 65531
79 80 7
80 93 1
81 16 4
81 19 5
81 25 65535
81 28 5
81 30 10
81 33 12
81 40 65520
81 42 3
81 45 4
81 46 4
81 49 3
81 52 65533
81 55 3
81 60 65535
81 62 3
81 63 65536
81 65 65535
81 67 2
81 75 2
81 78 65535
81 80 3
82 16 2
82 19 3
82 25 65535
82 28 4
82 30 4
82 33 4
82 40 65530
82 42 65534
82 45 3
82 46 2
82 48 65535
82 49 1
82 60 65535
82 62 4
82 65 65535
82 75 1
82 80 1
83 94 1
84 16 65525
84 19 65525
84 25 6
84 28 65510
84 30 65518
84 33 65495
84 37 65529
84 40 48
84 42 65532
84 45 2
84 46 65525
84 49 65527
84 51 65529
84 52 12
84 55 65524
84 59 20
84 60 6
84 62 65533
84 63 3
84 65 10
84 67 65533
84 69 65535
84 75 65531
84 76 65536
84 78 6
84 80 65532
84 82 65535
84 90 65535
85 19 1
85 25 65535
85 28 65531
85 30 7
85 33 65533
85 37 65531
85 40 3
85 42 65529
85 45 14
85 48 65533
85 49 65536
85 51 1
85 52 4
85 55 65531
85 59 2
85 60 65535
85 62 6
85 63 1
85 65 65535
85 67 1
85 78 1
86 95 1
87 96 1
88 16 4
88 19 5
88 25 65535
88 28 11
88 30 4
88 33 12
88 37 4
88 40 65520
88 42 3
88 45 65533
88 46 4
88 49 3
88 52 65533
88 55 5
88 60 65535
88 62 4
88 63 65536
88 65 65535
88 75 2
88 80 3
89 19 65513
89 28 65534
89 33 65465
89 40 24
89 44 65534
89 45 65522
89 47 3
89 49 65513
89 51 32
89 55 3
89 56 65535
89 59 24
89 63 65533
89 64 4
89 65 65521
89 69 8
89 71 65535
89 74 65536
89 75 9
89 76 65529
89 82 65526
89 84 1
89 87 65529
89 88 3
89 90 65533
89 94 4
89 95 65535
90 16 32766
90 19 65529
90 25 11
90 28 32774
90 30 49137
90 32 65531
90 33 6
90 37 32776
90 40 8
90 42 32
90 44 49152
90 45 16365
90 46 32766
90 48 32772
90 49 1
90 50 65519
90 52 65526
90 55 32773
90 58 6
90 59 65535
90 60 11
90 62 65513
90 63 16384
90 64 49149
90 65 3
90 67 16381
90 70 8
90 71 32768
90 74 16385
90 75 16383
90 77 6
90 80 65536
90 83 65533
90 86 32768
90 89 49155
90 96 65535
91 16 65533
91 19 65532
91 25 4
91 28 65532
91 30 65527
91 33 65524
91 40 21
91 42 1
91 45 65533
91 46 65533
91 49 65534
91 51 65533
91 52 4
91 55 65534
91 59 5
91 60 4
91 62 65531
91 63 1
91 65 2
91 67 65535
91 69 65536
91 75 65535
91 78 2
91 80 65534
92 97 1
93 16 36
93 19 38
93 25 65515
93 28 96
93 30 62
93 33 118
93 37 24
93 40 65399
93 42 65533
93 45 34
93 46 36
93 48 16
93 49 28
93 51 26
93 52 65509
93 55 24
93 59 65475
93 60 65515
93 62 20
93 63 2
93 65 65503
93 67 14
93 69 6
93 71 8
93 75 18
93 76 3
93 78 65519
93 80 11
93 82 65531
93 85 2
93 88 3
93 90 6
93 91 65535
94 16 4
94 19 6
94 28 17
94 33 24
94 37 8
94 40 65519
94 42 7
94 45 65529
94 46 4
94 48 4
94 49 6
94 52 65531
94 55 7
94 59 65527
94 62 65533
94 63 65536
94 65 1
94 75 2
94 76 1
94 78 65535
94 80 1
94 90 1
95 16 65531
95 19 65533
95 25 10
95 28 32773
95 30 65507
95 33 6
95 37 12
95 40 16
95 42 21
95 45 32734
95 46 65531
95 48 6
95 49 2
95 51 65529
95 52 65533
95 55 32776
95 60 10
95 62 65517
95 63 32767
95 65 14
95 67 65531
95 69 65535
95 71 1
95 75 32764
95 76 1
95 78 2
95 80 65534
95 82 32770
95 88 32768
96 98 1
97 16 65525
97 19 65525
97 25 6
97 28 65501
97 30 65521
97 33 65495
97 37 65525
97 40 48
97 42 65534
97 45 65535
97 46 65525
97 48 65529
97 49 65527
97 51 65528
97 52 12
97 55 65525
97 59 24
97 60 6
97 65 10
97 67 65533
97 69 65535
97 71 65533
97 75 65531
97 76 65536
97 78 11
97 80 65534
97 82 2
97 85 65536
97 88 65536
97 90 65535
98 25 65521
98 28 32716
98 30 48
98 33 65494
98 37 65497
98 40 4
98 42 65494
98 44 32770
98 45 71
98 47 32767
98 48 65513
98 49 65525
98 51 18
98 52 18
98 55 32741
98 56 1
98 59 25
98 60 65521
98 62 48
98 63 2
98 64 65535
98 65 32764
98 67 8
98 69 5
98 71 65530
98 74 32769
98 76 65534
98 78 6
98 80 7
98 82 5
98 84 32768
98 85 65535
98 87 5
98 88 32766
98 90 32766
98 91 1
98 94 32768
98 95 1
99 99 99
0 1 1
1 4 1
2 5 1
3 6 1
4 10 1
5 11 1
6 12 1
7 13 1
8 14 1
9 15 1
10 0 65536
10 3 65533
10 4 2
10 7 65536
10 12 4
11 20 1
12 21 1
13 22 1
14 23 1
15 24 1
16 25 1
17 26 1
18 27 1
19 28 1
20 2 65536
20 8 65533
20 11 2
20 16 65536
20 23 4
21 3 65536
21 9 65533
21 12 2
21 17 65536
21 24 4
22 34 1
23 35 1
24 36 1
25 37 1
26 38 1
27 39 1
28 40 1
29 41 1
30 42 1
31 43 1
32 44 1
33 45 1
34 7 65536
34 17 65533
34 22 2
34 29 65536
34 38 4
35 8 65536
35 18 65533
35 23 2
35 30 65536
35 39 4
36 9 65536
36 19 65533
36 24 2
36 31 65536
36 40 4
37 52 1
38 53 1
39 54 1
40 55 1
41 56 1
42 16 1
42 28 2
42 30 2
42 46 1
43 57 1
44 58 1
45 59 1
46 60 1
47 61 1
48 62 1
49 63 1
50 64 1
51 65 1
52 16 3
52 28 8
52 30 4
52 37 2
52 46 3
53 17 65536
53 31 65533
53 38 2
53 47 65536
53 57 4
54 18 65536
54 32 65533
54 39 2
54 48 65536
54 58 4
55 19 65536
55 33 65533
55 40 2
55 49 65536
55 59 4
56 72 1
57 73 1
58 74 1
59 75 1
60 30 3
60 37 65536
60 45 8
60 48 4
60 55 65535
60 67 3
61 29 1
61 44 2
61 47 2
61 66 1
62 30 1
62 45 2
62 48 2
62 67 1
63 76 1
64 77 1
65 78 1
66 79 1
67 80 1
68 81 1
69 82 1
70 83 1
71 19 32767
71 33 32764
71 40 32770
71 49 32767
71 51 2
71 59 32770
71 69 32769
71 76 32768
72 29 3
72 44 8
72 47 4
72 56 2
72 66 3
73 31 65536
73 49 65533
73 57 2
73 68 65536
73 76 4
74 19 65536
74 25 1
74 32 65536
74 40 1
74 42 3
74 50 65533
74 52 65536
74 58 2
74 60 1
74 62 65535
74 77 4
75 33 65536
75 51 65533
75 59 2
75 69 65536
75 78 4
76 88 1
77 89 1
78 90 1
79 47 3
79 56 65536
79 64 8
79 68 4
79 74 65535
79 84 3
80 16 65536
80 19 65532
80 25 2
80 28 65535
80 30 65535
80 33 65525
80 40 17
80 42 65534
80 46 65536
80 49 65534
80 52 4
80 60 2
80 62 65533
80 65 2
80 75 65535
80 80 65534
81 47 1
81 64 2
81 68 2
81 84 1
82 91 1
83 92 1
84 93 1
85 94 1
86 19 65536
86 25 2
86 28 3
86 30 65534
86 32 32767
86 33 32771
86 37 2
86 42 32775
86 45 65533
86 49 32769
86 50 32764
86 52 32766
86 55 1
86 58 32770
86 59 32768
86 60 2
86 62 32764
86 67 65536
86 70 2
86 77 32770
87 33 32767
87 51 32764
87 59 32770
87 69 32767
87 71 2
87 78 32770
87 85 32769
87 91 32768
88 32 65536
88 41 1
88 49 65536
88 58 1
88 61 3
88 69 65533
88 72 65536
88 76 2
88 79 1
88 81 65535
88 91 4
89 25 65536
89 28 65531
89 30 6
89 33 65536
89 37 65533
89 40 65535
89 42 65536
89 45 8
89 50 65536
89 55 65535
89 59 1
89 60 65536
89 62 3
89 67 2
89 70 65533
89 77 2
89 80 1
89 92 4
90 28 65531
90 45 65519
90 51 65536
90 55 6
90 63 65531
90 65 8
90 71 65533
90 75 6
90 78 2
90 82 2
90 85 65536
90 88 65535
91 19 65513
91 28 65534
91 33 65465
91 40 24
91 44 65534
91 45 65522
91 47 3
91 49 65513
91 51 32
91 55 3
91 56 65535
91 59 24
91 63 65533
91 64 4
91 65 65521
91 69 8
91 71 65535
91 74 65536
91 75 9
91 76 65529
91 82 65526
91 84 1
91 87 65529
91 88 3
91 90 65533
91 94 4
91 95 65535
92 16 32766
92 19 65529
92 25 11
92 28 32774
92 30 49137
92 32 65531
92 33 6
92 37 32776
92 40 8
92 42 32
92 44 49152
92 45 16365
92 46 32766
92 48 32772
92 49 1
92 50 65519
92 52 65526
92 55 32773
92 58 6
92 59 65535
92 60 11
92 62 65513
92 63 16384
92 64 49149
92 65 3
92 67 16381
92 70 8
92 71 32768
92 74 16385
92 75 16383
92 77 6
92 80 65536
92 83 65533
92 86 32768
92 89 49155
92 96 65535
93 19 65534
93 25 3
93 29 65536
93 32 65532
93 40 3
93 41 2
93 42 9
93 44 65535
93 47 65535
93 50 65525
93 52 65534
93 58 17
93 60 3
93 61 65534
93 62 65531
93 66 65536
93 72 4
93 79 2
93 81 65533
93 83 2
93 89 65535
93 93 65534
94 97 1
95 19 32769
95 25 32768
95 32 65536
95 40 32768
95 41 2
95 42 32767
95 44 3
95 47 65534
95 49 32767
95 50 32771
95 52 32769
95 56 2
95 60 32768
95 61 32775
95 62 1
95 64 65533
95 69 32764
95 72 32766
95 74 1
95 76 32770
95 77 32768
95 79 2
95 81 32764
95 84 65536
95 85 2
95 91 32770
96 16 2
96 19 3
96 25 32764
96 28 32759
96 30 32786
96 33 3
96 37 65528
96 40 65525
96 42 65531
96 45 21
96 46 2
96 48 65535
96 49 1
96 50 32767
96 51 32771
96 55 32764
96 60 32764
96 62 32779
96 65 65535
96 67 32773
96 69 32769
96 70 32764
96 75 1
96 77 32770
96 78 32768
96 80 3
96 86 2
96 92 32770
97 19 65484
97 25 65536
97 28 32761
97 29 32766
97 30 16385
97 32 65529
97 33 65375
97 37 32768
97 40 53
97 41 11
97 42 65534
97 44 16383
97 45 49120
97 47 65528
97 49 65477
97 50 6
97 51 72
97 52 1
97 55 32775
97 56 3
97 58 8
97 59 54
97 60 65536
97 61 32
97 62 2
97 63 49143
97 64 16374
97 65 65501
97 66 32766
97 67 49153
97 68 32772
97 71 32764
97 72 65526
97 74 49155
97 75 49173
97 76 65525
97 77 65535
97 79 11
97 81 65513
97 82 32740
97 83 3
97 84 65536
97 85 8
97 86 32768
97 87 65519
97 88 32776
97 89 16383
97 90 65528
97 91 6
97 93 65536
97 94 5
97 95 65532
97 98 65535
98 19 1
98 25 32768
98 28 3
98 29 2
98 30 65534
98 32 3
98 33 32769
98 37 2
98 41 32764
98 42 32766
98 44 32759
98 45 65533
98 47 32786
98 50 3
98 52 1
98 55 1
98 56 65528
98 58 65525
98 59 32768
98 60 32768
98 61 65531
98 62 32769
98 64 21
98 66 2
98 67 65536
98 68 65535
98 69 32767
98 70 32771
98 74 32764
98 79 32764
98 80 32768
98 81 32779
98 83 65535
98 84 32773
98 85 32764
98 89 1
98 91 32770
98 92 32768
98 93 3
98 95 2
98 97 32770
99 99 99
