nbody9
65537
4
119
0 2 65535
0 3 32770
1 5 65535
1 6 32770
2 7 65535
2 8 32770
3 8 65535
3 9 32770
4 11 65535
4 12 32770
5 13 65535
5 14 32770
6 14 65535
6 15 32770
7 16 65535
7 17 32770
8 17 65535
8 18 32770
9 18 65535
9 19 32770
10 20 65535
10 21 32770
11 22 65535
11 23 32770
12 23 65535
12 24 32770
13 25 65535
13 26 32770
14 26 65535
14 27 32770
15 27 65535
15 28 32770
16 29 65535
16 30 32770
17 30 65535
17 31 32770
18 31 65535
18 32 32770
19 32 65535
19 33 32770
20 34 65535
20 35 32770
21 35 65535
21 36 32770
22 37 65535
22 38 32770
23 38 65535
23 39 32770
24 39 65535
24 40 32770
25 41 65535
25 42 32770
26 42 65535
26 43 32770
27 43 65535
27 44 32770
28 44 65535
28 45 32770
29 46 65535
29 47 32770
30 47 65535
30 48 32770
31 48 65535
31 49 32770
32 49 65535
32 50 32770
33 50 65535
33 51 32770
34 52 65535
34 53 32770
35 53 65535
35 54 32770
36 54 65535
36 55 32770
37 16 65534
37 28 65531
37 30 65528
37 37 3
37 46 65534
37 47 65531
37 48 32773
37 56 4
38 16 4
38 28 8
38 30 12
38 37 65533
38 46 4
38 47 8
38 48 65531
38 56 65529
38 57 32770
39 57 65535
39 58 32770
40 58 65535
40 59 32770
41 60 65535
41 61 32770
42 61 65535
42 62 32770
43 62 65535
43 63 32770
44 63 65535
44 64 32770
45 64 65535
45 65 32770
46 66 65535
46 67 32770
47 67 65535
47 68 32770
48 68 65535
48 69 32770
49 69 65535
49 70 32770
50 70 65535
50 71 32770
51 71 65535
51 72 32770
52 25 65534
52 40 65531
52 42 65528
52 52 3
52 60 65534
52 61 65531
52 62 32773
52 73 4
53 25 4
53 40 8
53 42 12
53 52 65533
53 60 4
53 61 8
53 62 65531
53 73 65529
53 74 32770
54 74 65535
54 75 32770
55 75 65535
55 76 32770
56 16 8738
56 28 34952
56 29 43691
56 30 30583
56 37 56799
56 44 56797
56 45 17476
56 46 8738
56 47 17475
56 48 17476
56 55 48061
56 56 4370
56 66 43691
56 67 4367
56 68 24031
56 69 52430
57 16 61178
57 28 48085
57 29 43686
57 30 17512
57 37 4359
57 44 4367
57 45 56811
57 46 61178
57 47 56803
57 48 56803
57 55 8734
57 56 30569
57 66 43686
57 67 30589
57 68 4383
57 69 39313
57 77 32770
58 77 65535
58 78 32770
59 78 65535
59 79 32770
60 80 65535
60 81 32770
61 81 65535
61 82 32770
62 82 65535
62 83 32770
63 83 65535
63 84 32770
64 84 65535
64 85 32770
65 85 65535
65 86 32770
66 87 65535
66 88 32770
67 88 65535
67 89 32770
68 19 38230
68 25 27307
68 28 21846
68 40 27307
68 42 54614
68 44 21847
68 46 10922
68 47 1
68 48 2731
68 52 38230
68 55 43691
68 60 27307
68 61 10923
68 62 19115
68 63 43691
68 64 2
68 65 54614
68 67 21844
68 68 21849
68 69 5461
68 75 21845
68 76 10923
68 87 10922
68 88 1
68 89 57345
69 19 1
69 25 65536
69 40 65536
69 42 65535
69 52 1
69 60 65536
69 61 2
69 62 32769
70 19 12135
70 25 53402
70 28 4854
70 40 53402
70 42 41267
70 44 19416
70 46 53402
70 47 14562
70 48 53400
70 52 12135
70 55 60683
70 60 53402
70 61 24270
70 62 38836
70 63 60683
70 64 29124
70 65 63110
70 67 41267
70 68 48540
70 69 26701
70 75 55829
70 76 2427
70 87 53402
70 88 14562
70 89 14560
70 90 32770
71 90 65535
71 91 32770
72 91 65535
72 92 32770
73 19 17476
73 25 8738
73 33 4367
73 41 43691
73 42 30583
73 49 17476
73 52 56799
73 58 56797
73 59 13109
73 60 8738
73 61 17475
73 62 17476
73 73 4370
73 80 43691
73 81 4367
73 82 24031
73 83 52430
74 19 56803
74 25 61178
74 33 30601
74 40 16
74 41 43686
74 42 17512
74 49 56803
74 52 4359
74 58 4367
74 59 26210
74 60 61178
74 61 56803
74 62 56803
74 73 30569
74 80 43686
74 81 30589
74 82 4383
74 83 39313
74 93 32770
75 93 65535
75 94 32770
76 94 65535
76 95 32770
77 16 39929
77 19 23296
77 25 42241
77 28 56273
77 29 42225
77 30 41446
77 37 25608
77 40 42241
77 42 18945
77 44 57670
77 45 14305
77 46 47210
77 47 18656
77 48 30306
77 52 23296
77 55 23585
77 56 8991
77 60 42241
77 61 46592
77 62 11648
77 63 55342
77 65 18945
77 66 42225
77 67 1758
77 68 14000
77 69 53010
77 75 45147
77 76 46600
77 87 7281
77 88 8734
77 89 21853
77 96 32770
78 96 65535
78 97 32770
79 97 65535
79 98 32770
80 99 65535
80 100 32770
81 100 65535
81 101 32770
82 16 21845
82 19 21846
82 28 16383
82 29 10923
82 30 35497
82 32 43692
82 33 10924
82 37 43692
82 40 43691
82 45 43691
82 46 21845
82 47 21845
82 48 21846
82 49 21846
82 50 43694
82 51 21845
82 55 38230
82 56 1
82 59 65536
82 60 10922
82 61 1
82 62 2731
82 66 10923
82 67 35499
82 68 43691
82 69 27308
82 70 54614
82 77 43691
82 78 21845
82 79 32769
82 81 21844
82 82 21849
82 83 5461
82 99 10922
82 100 1
82 101 57345
83 16 65529
83 28 65522
83 29 2
83 30 32742
83 37 8
83 45 65533
83 46 65529
83 47 65529
83 48 4
83 55 1
83 56 12
83 66 2
83 67 32766
83 68 65533
83 69 3
84 16 33994
84 19 4854
84 28 14586
84 29 24270
84 30 38876
84 32 9708
84 33 16989
84 37 31543
84 40 60683
84 45 16997
84 46 33994
84 47 33994
84 48 48540
84 49 4854
84 50 38832
84 51 55829
84 55 12135
84 56 14546
84 59 50975
84 60 53402
84 61 14562
84 62 53400
84 66 24270
84 67 2431
84 68 16997
84 69 46113
84 70 63110
84 77 60683
84 78 55829
84 79 7281
84 81 41267
84 82 48540
84 83 26701
84 99 53402
84 100 14562
84 101 14560
84 102 32770
85 102 65535
85 103 32770
86 19 65536
86 32 1
86 33 49149
86 40 1
86 49 65536
86 50 3
86 51 16384
86 58 65536
86 59 16386
86 69 1
86 70 16384
86 77 32768
86 78 65536
86 79 16385
87 16 10379
87 19 3660
87 25 50827
87 28 17128
87 29 16058
87 30 3558
87 32 3053
87 33 51316
87 37 55158
87 40 41359
87 41 63275
87 42 53497
87 44 27637
87 45 30993
87 46 52875
87 47 55692
87 48 32187
87 49 32373
87 52 14710
87 55 3630
87 56 28721
87 58 62484
87 59 12639
87 60 50827
87 61 49397
87 62 7355
87 63 46143
87 64 26732
87 65 7448
87 66 22419
87 67 24643
87 68 48166
87 69 15680
87 73 22780
87 75 62756
87 76 43108
87 80 63275
87 81 1372
87 82 7435
87 83 49841
87 84 24487
87 85 59431
87 86 25278
87 87 42496
87 88 65019
87 89 20006
87 93 44411
87 94 25805
87 95 42632
87 104 6359
88 16 40139
88 19 50262
88 25 55833
88 28 21456
88 29 46625
88 30 42181
88 32 53360
88 33 3907
88 37 25398
88 40 7907
88 41 33472
88 42 40603
88 44 64402
88 45 7422
88 46 28407
88 47 59629
88 48 56871
88 49 22121
88 52 9704
88 55 58822
88 56 4171
88 58 12177
88 59 19040
88 60 55833
88 61 6079
88 62 4852
88 63 24586
88 64 19662
88 65 7317
88 66 44710
88 67 29376
88 68 24489
88 69 17149
88 73 39433
88 75 42278
88 76 3306
88 80 33472
88 81 17220
88 82 11547
88 83 54425
88 84 16785
88 85 24354
88 86 38080
88 87 53805
88 88 32257
88 89 44405
88 93 64005
88 94 24761
88 95 25805
88 104 63622
89 16 9597
89 19 43748
89 25 42061
89 28 38169
89 29 47323
89 30 821
89 32 59615
89 33 9290
89 37 55940
89 40 41626
89 41 28337
89 42 49847
89 44 20794
89 45 35647
89 46 31356
89 47 2773
89 48 59963
89 49 21561
89 52 23476
89 55 46562
89 56 64557
89 58 5922
89 59 11417
89 60 42061
89 61 12226
89 62 11738
89 63 11239
89 64 55198
89 65 29462
89 66 21162
89 67 15548
89 68 5217
89 69 24851
89 73 17363
89 75 46265
89 76 16206
89 80 28337
89 81 20707
89 82 60449
89 83 30557
89 84 421
89 85 11844
89 86 22834
89 87 21759
89 88 51436
89 89 52487
89 93 5286
89 94 64005
89 95 44411
89 104 39376
90 16 51273
90 19 40810
90 25 38539
90 28 49215
90 29 38783
90 30 15613
90 32 21316
90 33 60618
90 37 14264
90 40 20575
90 41 28333
90 42 8427
90 44 26895
90 45 7408
90 46 8729
90 47 59789
90 48 56267
90 49 7944
90 52 26998
90 55 53331
90 56 55282
90 58 44221
90 59 36695
90 60 38539
90 61 36821
90 62 13499
90 63 18376
90 64 47407
90 65 9424
90 66 16662
90 67 38854
90 68 46008
90 69 34691
90 73 41356
90 75 9546
90 76 49968
90 80 28333
90 81 33650
90 82 34581
90 83 60385
90 84 18879
90 85 52029
90 86 29696
90 87 22993
90 88 58800
90 89 58995
90 93 8518
90 94 53968
90 95 53714
90 104 43416
90 105 32770
91 105 65535
91 106 32770
92 106 65535
92 107 32770
93 16 10243
93 19 41952
93 25 39929
93 28 43782
93 29 46592
93 30 38026
93 32 20390
93 33 55671
93 37 55294
93 40 37906
93 41 42225
93 42 41446
93 45 37890
93 46 10243
93 47 10243
93 48 27647
93 49 41952
93 50 16023
93 51 10211
93 52 25608
93 55 23296
93 56 17404
93 58 16890
93 59 5234
93 60 47210
93 61 18656
93 62 30306
93 66 46592
93 67 7297
93 68 37890
93 69 24741
93 70 18937
93 73 8991
93 77 55342
93 78 49514
93 79 8734
93 80 42225
93 81 1758
93 82 14000
93 83 53010
93 99 7281
93 100 8734
93 101 21853
93 108 32770
94 108 65535
94 109 32770
95 109 65535
95 110 32770
96 16 50353
96 19 60643
96 25 29060
96 28 22837
96 29 16455
96 30 12393
96 32 61144
96 33 9532
96 37 15184
96 40 35344
96 41 60989
96 42 48189
96 44 52571
96 45 55399
96 46 48273
96 47 38181
96 48 18182
96 49 37239
96 52 36477
96 55 12332
96 56 13913
96 58 4393
96 59 8350
96 60 29060
96 61 59221
96 62 51007
96 63 38738
96 64 19829
96 65 44612
96 66 8108
96 67 53785
96 68 59194
96 69 1548
96 73 39635
96 75 21212
96 76 54325
96 80 60989
96 81 59893
96 82 31754
96 83 38058
96 84 47484
96 85 8786
96 86 16700
96 87 63457
96 88 2490
96 89 9955
96 93 45752
96 94 30357
96 95 22022
96 104 57190
96 111 32770
97 111 65535
97 112 32770
98 28 65536
98 44 1
98 45 49149
98 55 1
98 63 65536
98 64 3
98 65 16384
98 75 65536
98 76 16386
98 83 1
98 84 16384
98 93 32768
98 94 65536
98 95 16385
99 16 2140
99 19 4758
99 25 1991
99 28 53595
99 29 30051
99 30 46935
99 32 2781
99 33 7909
99 37 63397
99 40 16000
99 41 16058
99 42 52319
99 44 46222
99 45 44994
99 46 5023
99 47 42418
99 48 50307
99 49 17496
99 50 50856
99 51 47084
99 52 63546
99 55 25124
99 56 22304
99 58 22075
99 59 655
99 60 44487
99 61 6931
99 62 36381
99 63 44824
99 64 11420
99 65 36200
99 66 30051
99 67 46281
99 68 38957
99 69 2470
99 70 41396
99 71 27854
99 72 26083
99 73 28721
99 75 26373
99 76 39223
99 77 3891
99 78 1681
99 79 2996
99 80 22419
99 81 24643
99 82 48166
99 83 15680
99 87 2883
99 88 4620
99 89 29920
99 90 22905
99 96 5520
99 97 31577
99 98 64732
99 99 42496
99 100 65019
99 101 20006
99 113 6359
100 16 37177
100 19 29515
100 25 17339
100 28 29087
100 29 46253
100 30 40844
100 32 23259
100 33 23554
100 37 28360
100 40 50763
100 41 46625
100 42 62118
100 44 1878
100 45 18172
100 46 45138
100 47 45823
100 48 5550
100 49 8247
100 50 2738
100 51 26508
100 52 48198
100 55 57307
100 56 63964
100 58 17884
100 59 52711
100 60 5607
100 61 39692
100 62 2734
100 63 52083
100 64 30842
100 65 8768
100 66 46253
100 67 10772
100 68 19500
100 69 39185
100 70 2822
100 71 32030
100 72 27854
100 73 4171
100 75 5157
100 76 54720
100 77 21522
100 78 41685
100 79 6614
100 80 44710
100 81 29376
100 82 24489
100 83 17149
100 87 7961
100 88 17281
100 89 36603
100 90 39732
100 96 10657
100 97 57861
100 98 10226
100 99 53805
100 100 32257
100 101 44405
100 113 63622
101 16 27559
101 19 2862
101 25 25710
101 28 22277
101 29 47615
101 30 64627
101 32 19272
101 33 59694
101 37 37978
101 40 16332
101 41 47323
101 42 33047
101 44 12991
101 45 60254
101 46 19137
101 47 25781
101 48 34497
101 49 13689
101 50 13083
101 51 21839
101 52 39827
101 55 34093
101 56 27089
101 58 47787
101 59 57696
101 60 47469
101 61 36084
101 62 19138
101 63 14647
101 64 32085
101 65 12423
101 66 47615
101 67 30643
101 68 26411
101 69 36029
101 70 28187
101 71 6128
101 72 18967
101 73 64557
101 75 957
101 76 7840
101 77 21811
101 78 40583
101 79 52034
101 80 21162
101 81 15548
101 82 5217
101 83 24851
101 87 57115
101 88 23177
101 89 27992
101 90 21126
101 96 21565
101 97 5716
101 98 3867
101 99 21759
101 100 51436
101 101 52487
101 113 39376
102 16 20386
102 19 3673
102 25 59806
102 28 64291
102 29 47175
102 30 43197
102 32 55991
102 33 64393
102 37 45151
102 40 33336
102 41 38783
102 42 32679
102 44 48489
102 45 44009
102 46 27312
102 47 45670
102 48 18174
102 49 3688
102 50 38922
102 51 8562
102 52 5731
102 55 26325
102 56 58820
102 58 45987
102 59 58520
102 60 17262
102 61 42723
102 62 19232
102 63 7166
102 64 60183
102 65 54337
102 66 47175
102 67 61428
102 68 58513
102 69 36224
102 70 47034
102 71 46276
102 72 47292
102 73 55282
102 75 51536
102 76 2966
102 77 35412
102 78 62453
102 79 54576
102 80 16662
102 81 38854
102 82 46008
102 83 34691
102 87 6926
102 88 10140
102 89 14446
102 90 11823
102 96 52951
102 97 5753
102 98 47941
102 99 22993
102 100 58800
102 101 58995
102 113 43416
102 114 32770
103 16 59135
103 19 19174
103 25 46363
103 28 29239
103 29 59709
103 30 43130
103 32 65536
103 37 6402
103 40 46363
103 42 27189
103 44 42332
103 45 52729
103 46 63989
103 47 33792
103 48 26995
103 49 1
103 50 49149
103 52 19174
103 55 23494
103 56 18632
103 58 1
103 60 46363
103 61 38348
103 62 9587
103 63 15049
103 64 58256
103 65 5343
103 66 59709
103 67 6507
103 68 56902
103 69 55729
103 70 3
103 71 16384
103 75 30098
103 76 60196
103 77 65536
103 78 16386
103 87 4854
103 88 64080
103 89 50976
103 96 65536
103 97 16385
104 16 48005
104 19 44767
104 25 60293
104 28 62307
104 29 30686
104 30 15731
104 32 59022
104 33 37562
104 37 17532
104 40 60673
104 41 17052
104 42 3055
104 44 29402
104 45 37101
104 46 22661
104 47 42794
104 48 13802
104 49 41191
104 50 8162
104 51 51609
104 52 5244
104 55 49111
104 56 54507
104 58 21544
104 59 37917
104 60 50822
104 61 50181
104 62 7642
104 63 12575
104 64 50972
104 65 26898
104 66 8298
104 67 17635
104 68 18837
104 69 36924
104 70 62055
104 73 8582
104 75 49414
104 76 53785
104 77 46825
104 78 16691
104 79 9000
104 80 17052
104 81 29916
104 82 51311
104 83 48437
104 84 32496
104 85 45765
104 86 44016
104 87 40195
104 88 23920
104 89 8138
104 93 34520
104 94 19683
104 95 27764
104 99 56066
104 100 33452
104 101 2848
104 102 14681
104 103 59116
104 104 43149
104 108 41944
104 109 41162
104 110 29094
105 16 1463
105 19 6413
105 25 52733
105 28 60087
105 29 48787
105 30 58095
105 32 46606
105 33 42402
105 37 64074
105 40 33516
105 41 53881
105 42 20723
105 44 1
105 45 17110
105 46 1463
105 47 1463
105 48 32037
105 49 6413
105 50 55350
105 51 1463
105 52 12804
105 55 57163
105 56 30574
105 58 8445
105 59 46306
105 60 27244
105 61 31176
105 62 43371
105 63 32767
105 64 5
105 65 49145
105 66 48787
105 67 53706
105 68 33500
105 69 21481
105 70 16750
105 73 37264
105 75 65536
105 76 16388
105 77 42234
105 78 53883
105 79 15291
105 80 53881
105 81 8157
105 82 57981
105 83 61094
105 84 49148
105 85 8
105 86 2
105 91 2
105 92 32767
105 93 1
105 94 65534
105 95 49153
105 99 40048
105 100 26215
105 101 24585
105 102 16384
105 106 8
105 107 65531
105 108 49153
106 16 1945
106 19 24078
106 25 34369
106 28 11839
106 29 15898
106 30 18731
106 32 11165
106 33 53106
106 37 63592
106 40 44660
106 41 1457
106 42 21986
106 44 16384
106 45 33741
106 46 1945
106 47 1945
106 48 31796
106 49 24078
106 50 44660
106 51 23787
106 52 31168
106 55 7949
106 56 29851
106 58 39905
106 59 58839
106 60 36797
106 61 13397
106 62 62429
106 63 49153
106 64 28671
106 66 15898
106 67 12896
106 68 33741
106 69 35012
106 70 22331
106 72 16384
106 73 60879
106 75 49153
106 77 27186
106 78 50003
106 79 31312
106 80 1457
106 81 54809
106 82 3977
106 83 53425
106 84 49154
106 85 61439
106 93 16384
106 94 4097
106 99 2428
106 100 5825
106 101 58253
106 102 2
106 103 32769
106 105 32769
106 106 24576
106 108 49152
106 109 61441
107 16 12611
107 19 556
107 25 14653
107 28 40160
107 29 21298
107 30 27476
107 32 12691
107 33 60568
107 37 52926
107 40 47896
107 41 3062
107 42 108
107 44 50245
107 45 10514
107 46 9749
107 47 46435
107 48 56687
107 49 28232
107 50 955
107 51 12569
107 52 50884
107 55 50228
107 56 19388
107 58 14855
107 59 44495
107 60 15132
107 61 4053
107 62 22049
107 63 23064
107 64 25986
107 65 38230
107 66 52591
107 67 49456
107 68 51173
107 69 26275
107 70 47441
107 72 21846
107 73 14023
107 75 52464
107 76 3458
107 77 14881
107 78 3105
107 79 51714
107 80 3062
107 81 37421
107 82 40030
107 83 32029
107 84 48570
107 85 53697
107 86 39970
107 87 62675
107 88 20276
107 89 4777
107 91 29124
107 92 43694
107 93 48335
107 94 20073
107 95 15538
107 99 479
107 100 40985
107 101 32407
107 102 50971
107 103 28224
107 104 31293
107 105 21845
107 106 18191
107 107 43702
107 108 36410
107 109 27307
107 110 39122
107 115 32770
108 16 56114
108 19 42806
108 25 7356
108 28 46869
108 29 23011
108 30 36874
108 32 33197
108 33 61846
108 37 9423
108 40 62100
108 41 12044
108 42 60623
108 44 48119
108 45 23749
108 46 47376
108 47 59182
108 48 6168
108 49 32666
108 50 29554
108 51 64944
108 52 58181
108 55 49270
108 56 11924
108 58 47368
108 59 748
108 60 14177
108 61 32209
108 62 24845
108 63 52016
108 64 11612
108 65 59711
108 66 41332
108 67 47667
108 68 27327
108 69 35773
108 70 51055
108 71 20552
108 72 24190
108 73 14124
108 75 36990
108 76 40906
108 77 62096
108 78 17602
108 79 10257
108 80 32878
108 81 65393
108 82 53332
108 83 36735
108 84 46899
108 85 14286
108 86 33895
108 87 56799
108 88 61726
108 89 613
108 90 60659
108 91 14444
108 92 21934
108 93 39369
108 94 52517
108 95 5658
108 96 29289
108 97 54383
108 98 1599
108 99 6821
108 100 8096
108 101 43096
108 102 58207
108 103 29256
108 104 18321
108 105 43670
108 106 57784
108 107 22211
108 108 50990
108 109 21867
108 110 6699
108 113 20834
108 114 6
108 115 48
109 16 57844
109 19 27477
109 25 21872
109 28 29371
109 29 30490
109 30 59799
109 32 36683
109 33 19637
109 37 7693
109 40 32460
109 41 27727
109 42 39544
109 44 41003
109 45 3322
109 46 5509
109 47 34793
109 48 50614
109 49 10074
109 50 3599
109 51 53071
109 52 43665
109 55 49030
109 56 22183
109 58 41657
109 59 43203
109 60 10004
109 61 35186
109 62 52536
109 63 19758
109 64 35116
109 65 35805
109 66 6062
109 67 43745
109 68 6505
109 69 49306
109 70 52396
109 71 29150
109 72 46907
109 73 43410
109 75 25741
109 76 53264
109 77 47170
109 78 441
109 79 22889
109 80 54356
109 81 28214
109 82 7816
109 83 18621
109 84 3005
109 85 46489
109 86 64035
109 87 13202
109 88 12677
109 89 31882
109 90 64524
109 91 2587
109 92 14446
109 93 13045
109 94 17360
109 95 57993
109 96 49814
109 97 35571
109 98 28357
109 99 53669
109 100 14371
109 101 21349
109 102 31619
109 103 26529
109 104 41109
109 105 29156
109 106 32183
109 107 57768
109 108 19396
109 109 36381
109 110 56605
109 113 26629
109 114 65529
109 115 65473
109 116 32770
110 16 12804
110 19 49641
110 25 15895
110 28 9487
110 29 11656
110 30 44814
110 32 1
110 33 49147
110 37 52733
110 40 15896
110 42 31790
110 44 56122
110 45 25616
110 46 62563
110 47 5237
110 48 46440
110 49 32768
110 50 5
110 51 49145
110 52 49642
110 55 16121
110 56 28273
110 58 65536
110 59 16388
110 60 15895
110 61 33747
110 62 24821
110 63 33011
110 64 29130
110 65 53637
110 66 11656
110 67 40383
110 68 41550
110 69 16580
110 70 49153
110 71 4
110 72 65534
110 75 485
110 76 11896
110 77 65535
110 78 65534
110 79 49161
110 87 49759
110 88 10198
110 89 11832
110 90 49152
110 96 16382
110 97 65533
110 98 3
111 16 54611
111 19 4868
111 25 16081
111 28 6323
111 29 46435
111 30 8620
111 32 6751
111 33 61715
111 37 10926
111 40 43845
111 41 18517
111 42 19544
111 44 44484
111 45 18351
111 46 17908
111 47 43866
111 48 4534
111 49 1049
111 50 35787
111 51 22286
111 52 49456
111 55 56152
111 56 22164
111 58 11517
111 59 60951
111 60 47014
111 61 52055
111 62 6956
111 63 28305
111 64 6458
111 65 3053
111 66 44145
111 67 33529
111 68 60946
111 69 25414
111 70 38340
111 73 63844
111 75 48366
111 76 17693
111 77 24583
111 78 435
111 79 24461
111 80 18517
111 81 52123
111 82 41807
111 83 40912
111 84 43719
111 85 49669
111 86 27179
111 87 28834
111 88 34117
111 89 21051
111 93 63705
111 94 11367
111 95 48291
111 99 30933
111 100 27071
111 101 33797
111 103 22408
111 104 63247
111 110 48731
111 117 32770
112 16 43219
112 19 42043
112 25 59135
112 28 40075
112 29 38348
112 30 16185
112 32 35439
112 33 42439
112 37 22318
112 40 10690
112 41 59709
112 42 43130
112 44 65536
112 45 54378
112 46 43219
112 47 43219
112 48 11159
112 49 42043
112 50 10682
112 51 21364
112 52 6402
112 55 19174
112 56 33477
112 58 36991
112 59 4949
112 60 63989
112 61 33792
112 62 26995
112 63 1
112 64 49149
112 66 38348
112 67 17602
112 68 54378
112 69 27424
112 70 5341
112 73 18632
112 75 1
112 77 15049
112 78 47574
112 79 49516
112 80 59709
112 81 6507
112 82 56902
112 83 55729
112 84 3
112 85 16384
112 93 65536
112 94 16386
112 99 4854
112 100 64080
112 101 50976
112 108 65536
112 109 16385
113 16 56174
113 19 23015
113 25 3275
113 28 55689
113 29 46835
113 30 21407
113 32 7009
113 33 6610
113 37 9363
113 40 463
113 41 33971
113 42 56927
113 44 58106
113 45 23604
113 46 16450
113 47 56201
113 48 60682
113 49 17589
113 50 44809
113 51 19244
113 52 62262
113 55 41513
113 56 52574
113 58 6270
113 59 30397
113 60 43468
113 61 28481
113 62 36167
113 63 54489
113 64 24450
113 65 24926
113 66 51798
113 67 35585
113 68 32611
113 69 48705
113 70 28339
113 71 11180
113 72 56461
113 73 8088
113 75 64634
113 76 54559
113 77 16078
113 78 25846
113 79 35418
113 80 11583
113 81 7276
113 82 57541
113 83 13045
113 84 10750
113 85 5636
113 86 897
113 87 25813
113 88 25031
113 89 19683
113 90 1071
113 91 31963
113 92 14698
113 93 55114
113 94 1915
113 95 48804
113 96 57853
113 97 10210
113 98 16649
113 99 40195
113 100 23920
113 101 8138
113 104 4963
113 105 36443
113 111 51383
113 112 51247
113 113 43149
114 16 12200
114 19 60709
114 25 43427
114 28 4572
114 29 57922
114 30 42700
114 32 21655
114 33 52531
114 37 53337
114 40 1962
114 41 3850
114 42 51936
114 44 54476
114 45 23370
114 46 11463
114 47 24369
114 48 18469
114 49 20015
114 52 22110
114 55 19828
114 56 48752
114 58 43882
114 59 27533
114 60 43427
114 61 46188
114 62 11055
114 63 15358
114 64 29324
114 65 146
114 66 48139
114 67 4626
114 68 58191
114 69 52468
114 70 49149
114 73 64553
114 75 21712
114 76 44453
114 77 1
114 80 3850
114 81 55346
114 82 3057
114 83 59900
114 84 433
114 85 381
114 86 55066
114 87 64800
114 88 3248
114 89 55866
114 90 16384
114 93 5281
114 94 47616
114 95 21453
114 96 16386
114 104 55754
114 111 16385
115 16 49012
115 19 10828
115 25 24246
115 28 6613
115 29 51666
115 30 26336
115 32 16072
115 33 49080
115 37 16525
115 40 50109
115 41 20573
115 42 45042
115 44 29321
115 45 61629
115 46 29123
115 47 34512
115 48 49352
115 49 40173
115 50 4400
115 51 46090
115 52 41291
115 55 28877
115 56 43918
115 58 38105
115 59 35920
115 60 15200
115 61 30219
115 62 11653
115 63 10293
115 64 59910
115 65 32931
115 66 19062
115 67 36133
115 68 11762
115 69 8926
115 70 15727
115 71 65317
115 72 24421
115 73 49564
115 75 5283
115 76 10880
115 77 11857
115 78 36097
115 79 33095
115 80 56246
115 81 22238
115 82 14905
115 83 6080
115 84 57133
115 85 28104
115 86 54088
115 87 45648
115 88 40964
115 89 22934
115 90 40137
115 91 35261
115 92 8143
115 93 46452
115 94 55574
115 95 26578
115 96 27417
115 97 24819
115 98 51119
115 99 56491
115 100 64577
115 101 45258
115 102 15077
115 103 4518
115 104 32933
115 105 48938
115 106 59429
115 107 18014
115 108 29608
115 109 20694
115 110 63514
115 113 35673
115 114 37632
115 115 29156
115 116 57624
115 118 32770
116 16 38739
116 19 1675
116 25 10417
116 28 5684
116 29 23512
116 30 37281
116 32 30571
116 33 4770
116 37 26798
116 40 13564
116 41 63261
116 42 15879
116 44 8855
116 45 22044
116 46 40126
116 47 36723
116 48 12402
116 49 51390
116 50 49147
116 52 55120
116 55 6257
116 56 30084
116 58 34966
116 59 4175
116 60 10417
116 61 5092
116 62 27560
116 63 59662
116 64 49964
116 65 35908
116 66 52107
116 67 54912
116 68 52232
116 69 63590
116 70 5
116 71 49145
116 73 52574
116 75 25655
116 76 46335
116 77 65536
116 78 16388
116 80 63261
116 81 29949
116 82 15881
116 83 19026
116 84 23742
116 85 4393
116 86 8349
116 87 1387
116 88 11436
116 89 8623
116 90 4
116 91 65534
116 93 22876
116 94 47947
116 95 11011
116 96 65534
116 97 49161
116 104 28595
116 111 65533
116 112 3
117 16 29683
117 19 675
117 25 30536
117 28 59979
117 29 18868
117 30 16367
117 32 38261
117 33 57290
117 37 35854
117 40 25825
117 41 22948
117 42 15410
117 44 38155
117 45 21591
117 46 27647
117 47 1766
117 48 14541
117 49 20266
117 50 36221
117 51 18405
117 52 35001
117 55 13763
117 56 38464
117 58 41318
117 59 52505
117 60 1481
117 61 7251
117 62 51036
117 63 52897
117 64 58982
117 65 33506
117 66 60797
117 67 54320
117 68 10789
117 69 3124
117 70 13080
117 71 11600
117 72 35864
117 73 16089
117 75 614
117 76 40519
117 77 57384
117 78 39204
117 79 40246
117 80 60524
117 81 10430
117 82 55260
117 83 37293
117 84 39830
117 85 7143
117 86 49716
117 87 63501
117 88 20815
117 89 61587
117 90 52656
117 91 7222
117 92 10967
117 93 52454
117 94 59027
117 95 2829
117 96 19261
117 97 54624
117 98 56515
117 99 36482
117 100 6051
117 101 39668
117 102 12719
117 103 14628
117 104 41929
117 105 21835
117 106 28892
117 107 43874
117 108 41881
117 109 43702
117 110 36118
117 113 37576
117 114 3
117 115 24
118 16 13010
118 19 63703
118 25 30516
118 28 14386
118 29 44452
118 30 40383
118 32 4199
118 33 48733
118 37 52527
118 40 27244
118 41 26163
118 42 47321
118 44 51593
118 45 32123
118 46 21256
118 47 64945
118 48 63879
118 49 12987
118 50 62445
118 51 61411
118 52 35021
118 55 48456
118 56 23780
118 58 58914
118 59 38080
118 60 42177
118 61 50974
118 62 38091
118 63 3
118 64 33186
118 65 4870
118 66 19378
118 67 17845
118 68 51281
118 69 17024
118 70 23761
118 71 23256
118 72 17421
118 73 13964
118 75 23953
118 76 47194
118 77 23420
118 78 15420
118 79 4893
118 80 35868
118 81 60368
118 82 3621
118 83 49469
118 84 51186
118 85 4774
118 86 26770
118 87 8246
118 88 15210
118 89 65498
118 90 4258
118 91 5551
118 92 6354
118 93 19027
118 94 27035
118 95 58953
118 96 34690
118 97 42465
118 98 49527
118 99 11661
118 100 44006
118 101 56353
118 102 45315
118 103 54192
118 104 40463
118 105 50417
118 106 14861
118 107 60817
118 108 50358
118 109 664
118 110 49396
118 111 12117
118 112 59210
118 113 9705
118 114 40790
118 115 54025
118 116 36259
118 118 19997
119 119 119
0 3 1
1 6 1
2 8 1
3 9 1
4 12 1
5 14 1
6 15 1
7 17 1
8 18 1
9 19 1
10 21 1
11 23 1
12 24 1
13 26 1
14 27 1
15 28 1
16 30 1
17 31 1
18 32 1
19 33 1
20 35 1
21 36 1
22 38 1
23 39 1
24 40 1
25 42 1
26 43 1
27 44 1
28 45 1
29 47 1
30 48 1
31 49 1
32 50 1
33 51 1
34 53 1
35 54 1
36 55 1
37 16 65535
37 28 65533
37 30 65531
37 37 2
37 46 65535
37 47 65533
37 48 3
37 56 4
38 57 1
39 58 1
40 59 1
41 61 1
42 62 1
43 63 1
44 64 1
45 65 1
46 67 1
47 68 1
48 69 1
49 70 1
50 71 1
51 72 1
52 25 65535
52 40 65533
52 42 65531
52 52 2
52 60 65535
52 61 65533
52 62 3
52 73 4
53 74 1
54 75 1
55 76 1
56 16 8738
56 28 34952
56 29 43692
56 30 30583
56 37 56799
56 44 56799
56 45 17476
56 46 8738
56 47 17478
56 48 17476
56 55 48061
56 56 4369
56 66 43692
56 67 4369
56 68 56798
56 69 52430
57 77 1
58 78 1
59 79 1
60 81 1
61 82 1
62 83 1
63 84 1
64 85 1
65 86 1
66 88 1
67 89 1
68 19 3641
68 25 61896
68 28 14564
68 40 61896
68 42 58255
68 44 58256
68 46 29127
68 47 43692
68 48 45512
68 52 3641
68 55 50973
68 60 61896
68 61 7282
68 62 34589
68 63 50973
68 64 21847
68 65 58255
68 67 58254
68 68 14566
68 69 47332
68 75 36409
68 76 7282
68 87 29127
68 88 43692
68 89 60077
69 19 26701
69 25 38836
69 28 63110
69 40 38836
69 42 12135
69 44 55829
69 46 38836
69 47 58256
69 48 38837
69 52 26701
69 55 2427
69 60 38836
69 61 53402
69 62 46119
69 63 2427
69 64 50975
69 65 33982
69 67 12135
69 68 41267
69 69 19418
69 75 4854
69 76 31555
69 87 38836
69 88 58256
69 89 58257
70 90 1
71 91 1
72 92 1
73 19 17476
73 25 8738
73 33 4367
73 41 43692
73 42 30583
73 49 17476
73 52 56799
73 58 56799
73 59 13109
73 60 8738
73 61 17478
73 62 17476
73 73 4369
73 80 43692
73 81 4369
73 82 56798
73 83 52430
74 93 1
75 94 1
76 95 1
77 96 1
78 97 1
79 98 1
80 100 1
81 101 1
82 16 36409
82 19 14564
82 28 10922
82 29 7282
82 30 1819
82 32 29128
82 33 50974
82 37 29128
82 40 50973
82 45 50973
82 46 36409
82 47 36409
82 48 14564
82 49 14564
82 50 50975
82 51 36409
82 55 3641
82 56 43692
82 59 21845
82 60 29127
82 61 43692
82 62 45512
82 66 7282
82 67 23666
82 68 50973
82 69 40051
82 70 58255
82 77 50973
82 78 36409
82 79 21846
82 81 58254
82 82 14566
82 83 47332
82 99 29127
82 100 43692
82 101 60077
83 16 48540
83 19 63110
83 28 58244
83 29 53402
83 30 46099
83 32 60683
83 33 24274
83 37 16997
83 40 2427
83 45 24270
83 46 48540
83 47 48540
83 48 41267
83 49 63110
83 50 46121
83 51 4854
83 55 26701
83 56 58264
83 59 7281
83 60 38836
83 61 58256
83 62 38837
83 66 53402
83 67 31553
83 68 24270
83 69 9712
83 70 33982
83 77 2427
83 78 4854
83 79 29128
83 81 12135
83 82 41267
83 83 19418
83 99 38836
83 100 58256
83 101 58257
84 102 1
85 103 1
86 19 21845
86 32 43692
86 33 32766
86 40 43692
86 49 21845
86 50 2
86 51 54614
86 58 21845
86 59 10924
86 69 43692
86 70 54614
86 77 43691
86 78 21845
86 79 32769
86 103 21847
87 16 28765
87 19 2440
87 25 12039
87 28 55110
87 29 32551
87 30 2372
87 32 23881
87 33 12365
87 37 36772
87 40 5727
87 41 64029
87 42 13819
87 44 62116
87 45 20662
87 46 35250
87 47 37128
87 48 21458
87 49 21582
87 52 53498
87 55 2420
87 56 40993
87 58 41656
87 59 8426
87 60 12039
87 61 54777
87 62 26749
87 63 30762
87 64 39667
87 65 26811
87 66 14946
87 67 60120
87 68 10265
87 69 32299
87 73 58878
87 75 63683
87 76 6893
87 80 64029
87 81 44606
87 82 48648
87 83 55073
87 84 60016
87 85 17775
87 86 16852
87 87 6485
87 88 43346
87 89 35183
87 93 51453
87 94 39049
87 95 50267
87 104 47932
88 16 43267
88 19 58607
88 25 53274
88 28 22247
88 29 52639
88 30 53129
88 32 45569
88 33 40937
88 37 22270
88 40 34753
88 41 20304
88 42 45494
88 44 60219
88 45 54343
88 46 401
88 47 1874
88 48 44679
88 49 65369
88 52 12263
88 55 64287
88 56 57438
88 58 19968
88 59 23928
88 60 53274
88 61 55243
88 62 38900
88 63 35561
88 64 22306
88 65 40626
88 66 27889
88 67 34207
88 68 8167
88 69 54498
88 73 17410
88 75 47559
88 76 55086
88 80 20304
88 81 49109
88 82 7025
88 83 44177
88 84 47520
88 85 39936
88 86 47856
88 87 22671
88 88 35608
88 89 10977
88 93 45737
88 94 46727
88 95 18689
88 104 40787
89 16 20396
89 19 41771
89 25 11690
89 28 33263
89 29 36197
89 30 5849
89 32 34965
89 33 60776
89 37 45141
89 40 8551
89 41 2272
89 42 28353
89 44 6772
89 45 30685
89 46 65130
89 47 26193
89 48 55856
89 49 14150
89 52 53847
89 55 7529
89 56 54085
89 58 30572
89 59 61361
89 60 11690
89 61 16271
89 62 59692
89 63 11216
89 64 1003
89 65 30118
89 66 7602
89 67 34129
89 68 36213
89 69 45540
89 73 12943
89 75 50564
89 76 18715
89 80 2272
89 81 35592
89 82 49666
89 83 13737
89 84 41795
89 85 61144
89 86 57185
89 87 44734
89 88 16231
89 89 5936
89 93 42661
89 94 17590
89 95 54526
89 104 36942
90 105 1
91 106 1
92 107 1
93 108 1
94 109 1
95 110 1
96 111 1
97 112 1
98 28 21845
98 44 43692
98 45 32766
98 55 43692
98 63 21845
98 64 2
98 65 54614
98 75 21845
98 76 10924
98 83 43692
98 84 54614
98 93 43691
98 94 21845
98 95 32769
98 112 21847
99 16 45118
99 19 3172
99 25 23173
99 28 35730
99 29 20034
99 30 31290
99 32 1854
99 33 48964
99 37 20419
99 40 54358
99 41 32551
99 42 56725
99 44 8969
99 45 29996
99 46 47040
99 47 6433
99 48 33538
99 49 11664
99 50 33904
99 51 53235
99 52 42364
99 55 38595
99 56 36715
99 58 58408
99 59 44128
99 60 29658
99 61 48312
99 62 24254
99 63 8037
99 64 29459
99 65 45979
99 66 20034
99 67 30854
99 68 47817
99 69 45338
99 70 49443
99 71 40415
99 72 61080
99 73 40993
99 75 17582
99 76 4303
99 77 2594
99 78 44812
99 79 23843
99 80 14946
99 81 60120
99 82 10265
99 83 32299
99 87 1922
99 88 3080
99 89 63638
99 90 15270
99 96 3680
99 97 42897
99 98 21309
99 99 6485
99 100 43346
99 101 35183
99 113 47932
100 16 19405
100 19 23906
100 25 20611
100 28 23340
100 29 13856
100 30 25258
100 32 17978
100 33 15451
100 37 46132
100 40 62628
100 41 52639
100 42 7817
100 44 56902
100 45 8418
100 46 27275
100 47 39126
100 48 4726
100 49 21050
100 50 25185
100 51 23115
100 52 44926
100 55 2282
100 56 26059
100 58 24263
100 59 28441
100 60 43282
100 61 47186
100 62 56007
100 63 45438
100 64 59840
100 65 45305
100 66 13856
100 67 48320
100 68 11219
100 69 21037
100 70 24114
100 71 9703
100 72 56318
100 73 57438
100 75 5035
100 76 64063
100 77 61498
100 78 43848
100 79 36200
100 80 27889
100 81 34207
100 82 8167
100 83 54498
100 87 7870
100 88 37473
100 89 21870
100 90 46848
100 96 33857
100 97 30233
100 98 57075
100 99 22671
100 100 35608
100 101 10977
100 113 40787
101 16 44246
101 19 11937
101 25 930
101 28 2280
101 29 50218
101 30 11225
101 32 14973
101 33 16706
101 37 21291
101 40 28855
101 41 36197
101 42 32454
101 44 18993
101 45 7702
101 46 27279
101 47 25664
101 48 51145
101 49 15347
101 50 42302
101 51 1688
101 52 64607
101 55 47617
101 56 30959
101 58 42363
101 59 32694
101 60 45664
101 61 65125
101 62 52
101 63 48503
101 64 13794
101 65 46843
101 66 50218
101 67 41164
101 68 32566
101 69 30223
101 70 7252
101 71 60714
101 72 44044
101 73 54085
101 75 29197
101 76 25107
101 77 31001
101 78 41828
101 79 17419
101 80 7602
101 81 34129
101 82 36213
101 83 45540
101 87 48570
101 88 21724
101 89 4130
101 90 11011
101 96 15828
101 97 430
101 98 13141
101 99 44734
101 100 16231
101 101 5936
101 113 36942
102 114 1
103 16 61269
103 19 56474
103 25 9063
103 28 63184
103 29 39806
103 30 50599
103 32 21845
103 37 4268
103 40 9063
103 42 18126
103 44 50067
103 45 13307
103 46 64505
103 47 22528
103 48 61688
103 49 43692
103 50 32766
103 52 56474
103 55 59354
103 56 34267
103 58 43692
103 60 9063
103 61 47411
103 62 28237
103 63 53724
103 64 60683
103 65 3562
103 66 39806
103 67 4338
103 68 16089
103 69 15307
103 70 2
103 71 54614
103 75 41911
103 76 18285
103 77 21845
103 78 10924
103 87 3236
103 88 42720
103 89 33984
103 96 21845
103 97 32769
103 114 21847
104 16 30404
104 19 49827
104 25 14883
104 28 2895
104 29 25292
104 30 45343
104 32 47465
104 33 20345
104 37 35133
104 40 14884
104 41 37600
104 42 61915
104 44 34067
104 45 29281
104 46 23804
104 47 24642
104 48 18608
104 49 43927
104 50 16184
104 51 12681
104 52 50654
104 55 42022
104 56 60865
104 58 26399
104 59 55197
104 60 48728
104 61 22810
104 62 12222
104 63 51710
104 64 39432
104 65 42742
104 66 40476
104 67 6468
104 68 38519
104 69 11572
104 70 52323
104 73 28763
104 75 13901
104 76 59047
104 77 52823
104 78 63144
104 79 20686
104 80 37600
104 81 11303
104 82 4805
104 83 1
104 84 12792
104 85 57469
104 86 45751
104 87 58937
104 88 65290
104 89 8025
104 93 38362
104 94 3675
104 95 30144
104 99 33845
104 100 31218
104 101 6865
104 102 55053
104 103 28531
104 104 15184
104 108 26214
104 109 31457
104 110 37912
105 16 35259
105 19 20521
105 25 1897
105 28 11789
105 29 33217
105 30 45868
105 32 30619
105 33 16271
105 37 30278
105 40 25246
105 41 47276
105 42 21735
105 44 30311
105 45 61108
105 46 19948
105 47 22575
105 48 3805
105 49 42911
105 50 51041
105 51 40738
105 52 63640
105 55 42727
105 56 43341
105 58 48206
105 59 27624
105 60 41464
105 61 16358
105 62 17862
105 63 65080
105 64 57841
105 65 2048
105 66 13290
105 67 40543
105 68 54053
105 69 46370
105 70 28389
105 73 38031
105 75 54055
105 76 47856
105 77 5403
105 78 31179
105 79 14104
105 80 47276
105 81 48676
105 82 32153
105 83 51390
105 84 6362
105 85 6489
105 86 34164
105 87 50226
105 88 25165
105 89 22785
105 91 21847
105 92 65536
105 93 14643
105 94 47769
105 95 43326
105 99 39567
105 100 39063
105 101 32450
105 102 54614
105 103 5800
105 104 45610
105 106 21851
105 107 65533
105 108 10923
105 110 34482
106 16 26463
106 19 65259
106 25 25442
106 28 45457
106 29 54888
106 30 51799
106 32 26423
106 33 35253
106 37 39074
106 40 41589
106 41 64006
106 42 65483
106 44 7646
106 45 60280
106 46 27894
106 47 9551
106 48 4425
106 49 51421
106 50 32291
106 51 26484
106 52 40095
106 55 40423
106 56 55843
106 58 25341
106 59 10521
106 60 57971
106 61 30742
106 62 21744
106 63 54005
106 64 52544
106 65 46422
106 66 6473
106 67 40809
106 68 7182
106 69 19631
106 70 9048
106 72 54614
106 73 25757
106 75 39305
106 76 63808
106 77 25328
106 78 31216
106 79 39680
106 80 64006
106 81 14058
106 82 45522
106 83 16754
106 84 41252
106 85 5920
106 86 45552
106 87 1431
106 88 55399
106 89 30380
106 91 50975
106 92 43690
106 93 8601
106 94 22732
106 95 57768
106 99 32529
106 100 12276
106 101 16565
106 102 7283
106 103 51425
106 104 17122
106 105 21846
106 106 23673
106 107 43686
106 108 47332
106 109 19115
106 110 45976
107 115 1
108 16 36615
108 19 19030
108 25 54601
108 28 18083
108 29 50292
108 30 2869
108 32 14427
108 33 22950
108 37 28922
108 40 49307
108 41 18905
108 42 45765
108 44 12267
108 45 63876
108 46 30014
108 47 15372
108 48 40230
108 49 60500
108 50 30969
108 51 6233
108 52 10936
108 55 41022
108 56 21677
108 58 11940
108 59 11167
108 60 60535
108 61 47944
108 62 39269
108 63 55658
108 64 47979
108 65 14866
108 66 62506
108 67 10896
108 68 29516
108 69 40884
108 70 39339
108 71 50962
108 72 9315
108 73 43832
108 75 19898
108 76 38905
108 77 41952
108 78 32548
108 79 21324
108 80 38359
108 81 51430
108 82 61629
108 83 23458
108 84 31266
108 85 9524
108 86 751
108 87 58936
108 88 26430
108 89 49596
108 90 33275
108 91 31475
108 92 58314
108 93 26246
108 94 56857
108 95 3772
108 96 40630
108 97 14983
108 98 18590
108 99 5934
108 100 25583
108 101 22094
108 102 16959
108 103 19504
108 104 12214
108 105 50959
108 106 16677
108 107 36653
108 108 55839
108 109 14578
108 110 4466
108 113 19454
108 114 4
108 115 32
109 116 1
110 16 8536
110 19 33094
110 25 54288
110 28 50016
110 29 51462
110 30 29876
110 32 43692
110 33 10919
110 37 57001
110 40 32443
110 42 43039
110 44 15569
110 45 38923
110 46 19863
110 47 25337
110 48 30960
110 49 43691
110 50 21849
110 51 54609
110 52 11249
110 55 32593
110 56 62540
110 58 21845
110 59 32771
110 60 54288
110 61 22498
110 62 38393
110 63 43853
110 64 19420
110 65 35758
110 66 51462
110 67 26922
110 68 27700
110 69 32899
110 70 10923
110 71 43694
110 72 65535
110 75 22169
110 76 51622
110 77 43690
110 78 65535
110 79 32774
110 87 11327
110 88 50490
110 89 7888
110 90 32768
110 96 32767
110 97 21843
110 98 2
110 116 21847
111 117 1
112 16 6967
112 19 6183
112 25 61269
112 28 4871
112 29 47411
112 30 10790
112 32 23626
112 33 6447
112 37 58570
112 40 50818
112 41 39806
112 42 50599
112 44 21845
112 45 36252
112 46 6967
112 47 6967
112 48 29285
112 49 6183
112 50 28967
112 51 57934
112 52 4268
112 55 56474
112 56 22318
112 58 2815
112 59 25145
112 60 64505
112 61 22528
112 62 61688
112 63 43692
112 64 32766
112 66 47411
112 67 55426
112 68 36252
112 69 61974
112 70 47252
112 73 34267
112 75 43692
112 77 53724
112 78 31716
112 79 11165
112 80 39806
112 81 4338
112 82 16089
112 83 15307
112 84 2
112 85 54614
112 93 21845
112 94 10924
112 99 3236
112 100 42720
112 101 33984
112 108 21845
112 109 32769
112 117 21847
113 16 46157
113 19 21979
113 25 16544
113 28 58073
113 29 27729
113 30 40300
113 32 25285
113 33 51458
113 37 19380
113 40 61277
113 41 53440
113 42 29993
113 44 37823
113 45 2843
113 46 17829
113 47 59745
113 48 42021
113 49 17023
113 50 6258
113 51 61353
113 52 48993
113 55 3649
113 56 41623
113 58 22683
113 59 33276
113 60 9944
113 61 54262
113 62 25538
113 63 44908
113 64 59085
113 65 38158
113 66 63299
113 67 41784
113 68 61373
113 69 24926
113 70 23439
113 71 19380
113 72 38123
113 73 59915
113 75 2316
113 76 61014
113 77 62897
113 78 36849
113 79 11533
113 80 3087
113 81 13402
113 82 29059
113 83 13770
113 84 57511
113 85 56491
113 86 5362
113 87 37209
113 88 51513
113 89 53215
113 90 61611
113 91 5246
113 92 44963
113 93 60883
113 94 7545
113 95 31002
113 96 22057
113 97 4009
113 98 45540
113 99 58937
113 100 65290
113 101 8025
113 104 35570
113 105 27625
113 111 28835
113 112 50717
113 113 15184
114 16 15810
114 19 33356
114 25 55316
114 28 22344
114 29 28997
114 30 37662
114 32 55887
114 33 25182
114 37 49727
114 40 11770
114 41 19051
114 42 46171
114 44 60574
114 45 7627
114 46 53262
114 47 41200
114 48 54831
114 49 47662
114 50 20000
114 51 38331
114 52 10221
114 55 51249
114 56 28484
114 58 28479
114 59 23304
114 60 40005
114 61 886
114 62 26545
114 63 23406
114 64 56928
114 65 24247
114 66 2034
114 67 65136
114 68 34201
114 69 32380
114 70 2803
114 71 5527
114 72 32517
114 73 1360
114 75 22057
114 76 25851
114 77 50675
114 78 63763
114 79 7048
114 80 64661
114 81 54744
114 82 23861
114 83 21429
114 84 24118
114 85 5853
114 86 24684
114 87 37452
114 88 23301
114 89 7148
114 90 22211
114 92 58683
114 93 26889
114 94 4510
114 95 18029
114 96 43090
114 97 44648
114 98 14282
114 99 50226
114 100 25165
114 101 22785
114 104 38574
114 105 31055
114 111 32769
114 112 58630
114 113 45610
115 118 1
116 16 43830
116 19 60870
116 25 55052
116 28 18149
116 29 6763
116 30 1885
116 32 40627
116 33 64091
116 37 21707
116 40 33107
116 41 12824
116 42 360
116 44 2639
116 45 43259
116 46 21185
116 47 33618
116 48 6613
116 49 56435
116 50 17138
116 51 8976
116 52 10485
116 55 20404
116 56 20221
116 58 23518
116 59 20528
116 60 35799
116 61 24628
116 62 15118
116 63 42848
116 64 20591
116 65 51259
116 66 20034
116 67 21716
116 68 33852
116 69 36598
116 70 60533
116 71 50510
116 72 53671
116 73 24273
116 75 14684
116 76 62076
116 77 8985
116 78 45393
116 79 51774
116 80 60497
116 81 43026
116 82 30387
116 83 30216
116 84 17448
116 85 64270
116 86 30627
116 87 42892
116 88 1318
116 89 24327
116 90 49245
116 91 63904
116 92 44835
116 93 45140
116 94 55815
116 95 14838
116 96 62187
116 97 34848
116 98 7463
116 99 46284
116 100 49601
116 101 63789
116 102 24583
116 103 36852
116 104 13271
116 105 57441
116 106 33739
116 107 52768
116 108 36049
116 109 31968
116 110 21539
116 112 37911
116 113 47673
116 114 12845
116 115 50157
116 116 20095
116 118 43734
117 16 64493
117 19 20443
117 25 57995
117 28 61028
117 29 54860
117 30 48546
117 32 62955
117 33 19727
117 37 1044
117 40 22079
117 41 3036
117 42 49576
117 44 8997
117 45 41060
117 46 56607
117 47 22061
117 48 43182
117 49 27965
117 50 17470
117 51 44764
117 52 7542
117 55 6484
117 56 8702
117 58 52344
117 59 46064
117 60 56482
117 61 28242
117 62 52885
117 63 33816
117 64 45582
117 65 333
117 66 32449
117 67 35906
117 68 1513
117 69 12483
117 70 34387
117 71 7441
117 72 30847
117 73 19979
117 75 63025
117 76 56854
117 77 43553
117 78 19362
117 79 61606
117 80 51337
117 81 13688
117 82 7828
117 83 17832
117 84 45481
117 85 24141
117 86 3900
117 87 57651
117 88 7295
117 89 65427
117 90 31377
117 91 48506
117 92 29157
117 93 47108
117 94 15930
117 95 4734
117 96 20915
117 97 64153
117 98 40558
117 99 64024
117 100 42597
117 101 13469
117 102 30325
117 103 51494
117 104 43126
117 105 58248
117 106 41107
117 107 51095
117 108 6075
117 109 7289
117 110 23546
117 113 48301
117 114 31057
117 115 16
117 116 58630
118 16 59790
118 19 17140
118 25 29494
118 28 32330
118 29 47417
118 30 5695
118 32 46384
118 33 20505
118 37 5747
118 40 53099
118 41 50663
118 42 29746
118 44 39495
118 45 25640
118 46 51116
118 47 64852
118 48 35935
118 49 2048
118 50 16809
118 51 20211
118 52 36043
118 55 34280
118 56 17047
118 58 14927
118 59 34850
118 60 31069
118 61 49015
118 62 52870
118 63 44827
118 64 11792
118 65 8412
118 66 780
118 67 5588
118 68 22383
118 69 34685
118 70 54564
118 71 19475
118 72 46666
118 73 10172
118 75 50334
118 76 20611
118 77 23021
118 78 3007
118 79 8661
118 80 11419
118 81 50757
118 82 18116
118 83 55273
118 84 51948
118 85 46703
118 86 25282
118 87 56863
118 88 24865
118 89 38574
118 90 50045
118 91 63999
118 92 60484
118 93 4709
118 94 48494
118 95 6496
118 96 44325
118 97 60456
118 98 55476
118 99 1575
118 100 19886
118 101 36193
118 102 38444
118 103 54505
118 104 18900
118 105 11397
118 106 33534
118 107 27570
118 108 44528
118 109 25079
118 110 5139
118 111 2454
118 112 26069
118 113 26293
118 114 61644
118 115 4228
118 116 61233
118 118 15082
119 119 119
0 2 1
1 5 1
2 7 1
3 8 1
4 11 1
5 13 1
6 14 1
7 16 1
8 17 1
9 18 1
10 20 1
11 22 1
12 23 1
13 25 1
14 26 1
15 27 1
16 29 1
17 30 1
18 31 1
19 32 1
20 34 1
21 35 1
22 37 1
23 38 1
24 39 1
25 41 1
26 42 1
27 43 1
28 44 1
29 46 1
30 47 1
31 48 1
32 49 1
33 50 1
34 52 1
35 53 1
36 54 1
37 56 1
38 16 65535
38 28 65533
38 30 65531
38 37 2
38 46 65535
38 47 65533
38 48 3
38 56 4
39 57 1
40 58 1
41 60 1
42 61 1
43 62 1
44 63 1
45 64 1
46 66 1
47 67 1
48 68 1
49 69 1
50 70 1
51 71 1
52 73 1
53 25 65535
53 40 65533
53 42 65531
53 52 2
53 60 65535
53 61 65533
53 62 3
53 73 4
54 74 1
55 75 1
56 16 34953
56 28 8738
56 29 43692
56 30 24030
56 37 30584
56 44 30585
56 45 4369
56 46 34953
56 47 4371
56 48 4369
56 55 61168
56 56 17476
56 66 43692
56 67 50246
56 68 30583
56 69 45876
57 16 34948
57 28 8726
57 29 43694
57 30 56781
57 37 30589
57 44 30585
57 45 4363
57 46 34948
57 47 4367
57 48 4367
57 55 61170
57 56 17484
57 66 43694
57 67 17474
57 68 30577
57 69 13112
58 77 1
59 78 1
60 80 1
61 81 1
62 82 1
63 83 1
64 84 1
65 85 1
66 87 1
67 88 1
68 89 1
69 19 3641
69 25 61896
69 28 14564
69 40 61896
69 42 58255
69 44 58256
69 46 29127
69 47 43692
69 48 45512
69 52 3641
69 55 50973
69 60 61896
69 61 7282
69 62 34589
69 63 50973
69 64 21847
69 65 58255
69 67 58254
69 68 14566
69 69 47332
69 75 36409
69 76 7282
69 87 29127
69 88 43692
69 89 60077
70 19 26701
70 25 38836
70 28 63110
70 40 38836
70 42 12135
70 44 55829
70 46 38836
70 47 58256
70 48 38837
70 52 26701
70 55 2427
70 60 38836
70 61 53402
70 62 46119
70 63 2427
70 64 50975
70 65 33982
70 67 12135
70 68 41267
70 69 19418
70 75 4854
70 76 31555
70 87 38836
70 88 58256
70 89 58257
71 90 1
72 91 1
73 19 4369
73 25 34953
73 33 17476
73 41 43692
73 42 24030
73 49 4369
73 52 30584
73 58 30585
73 59 52430
73 60 34953
73 61 4371
73 62 4369
73 73 17476
73 80 43692
73 81 50246
73 82 30583
73 83 45876
74 19 4367
74 25 34948
74 33 17468
74 40 65529
74 41 43694
74 42 56781
74 49 4367
74 52 30589
74 58 30585
74 59 52432
74 60 34948
74 61 4367
74 62 4367
74 73 17484
74 80 43694
74 81 17474
74 82 30577
74 83 13112
75 93 1
76 94 1
77 16 12804
77 19 53889
77 25 11648
77 28 4632
77 29 11656
77 30 44814
77 37 52733
77 40 11648
77 42 23296
77 44 36702
77 45 25616
77 46 41932
77 47 56209
77 48 50384
77 52 53889
77 55 20976
77 56 28273
77 60 11648
77 61 42241
77 62 59713
77 63 37866
77 65 23296
77 66 11656
77 67 64658
77 68 58537
77 69 39032
77 75 10195
77 76 42237
77 87 29128
77 88 61170
77 89 21842
78 96 1
79 97 1
80 99 1
81 100 1
82 101 1
83 16 36409
83 19 14564
83 28 10922
83 29 7282
83 30 1819
83 32 29128
83 33 50974
83 37 29128
83 40 50973
83 45 50973
83 46 36409
83 47 36409
83 48 14564
83 49 14564
83 50 50975
83 51 36409
83 55 3641
83 56 43692
83 59 21845
83 60 29127
83 61 43692
83 62 45512
83 66 7282
83 67 23666
83 68 50973
83 69 40051
83 70 58255
83 77 50973
83 78 36409
83 79 21846
83 81 58254
83 82 14566
83 83 47332
83 99 29127
83 100 43692
83 101 60077
84 16 48540
84 19 63110
84 28 58244
84 29 53402
84 30 46099
84 32 60683
84 33 24274
84 37 16997
84 40 2427
84 45 24270
84 46 48540
84 47 48540
84 48 41267
84 49 63110
84 50 46121
84 51 4854
84 55 26701
84 56 58264
84 59 7281
84 60 38836
84 61 58256
84 62 38837
84 66 53402
84 67 31553
84 68 24270
84 69 9712
84 70 33982
84 77 2427
84 78 4854
84 79 29128
84 81 12135
84 82 41267
84 83 19418
84 99 38836
84 100 58256
84 101 58257
85 102 1
86 103 1
87 104 1
88 16 28765
88 19 2440
88 25 12039
88 28 55110
88 29 32551
88 30 2372
88 32 23881
88 33 12365
88 37 36772
88 40 5727
88 41 64029
88 42 13819
88 44 62116
88 45 20662
88 46 35250
88 47 37128
88 48 21458
88 49 21582
88 52 53498
88 55 2420
88 56 40993
88 58 41656
88 59 8426
88 60 12039
88 61 54777
88 62 26749
88 63 30762
88 64 39667
88 65 26811
88 66 14946
88 67 60120
88 68 10265
88 69 32299
88 73 58878
88 75 63683
88 76 6893
88 80 64029
88 81 44606
88 82 48648
88 83 55073
88 84 60016
88 85 17775
88 86 16852
88 87 6485
88 88 43346
88 89 35183
88 93 51453
88 94 39049
88 95 50267
88 104 47932
89 16 43267
89 19 58607
89 25 53274
89 28 22247
89 29 52639
89 30 53129
89 32 45569
89 33 40937
89 37 22270
89 40 34753
89 41 20304
89 42 45494
89 44 60219
89 45 54343
89 46 401
89 47 1874
89 48 44679
89 49 65369
89 52 12263
89 55 64287
89 56 57438
89 58 19968
89 59 23928
89 60 53274
89 61 55243
89 62 38900
89 63 35561
89 64 22306
89 65 40626
89 66 27889
89 67 34207
89 68 8167
89 69 54498
89 73 17410
89 75 47559
89 76 55086
89 80 20304
89 81 49109
89 82 7025
89 83 44177
89 84 47520
89 85 39936
89 86 47856
89 87 22671
89 88 35608
89 89 10977
89 93 45737
89 94 46727
89 95 18689
89 104 40787
90 16 7132
90 19 45132
90 25 13499
90 28 8161
90 29 13377
90 30 24962
90 32 54879
90 33 35228
90 37 58405
90 40 22481
90 41 18602
90 42 28555
90 44 19321
90 45 61833
90 46 28404
90 47 2874
90 48 4635
90 49 61565
90 52 52038
90 55 6103
90 56 37896
90 58 10658
90 59 14421
90 60 13499
90 61 14358
90 62 26019
90 63 56349
90 64 9065
90 65 60825
90 66 57206
90 67 46110
90 68 42533
90 69 15423
90 73 44859
90 75 60764
90 76 40553
90 80 18602
90 81 48712
90 82 15478
90 83 2576
90 84 23329
90 85 6754
90 86 50689
90 87 21272
90 88 36137
90 89 3271
90 93 61278
90 94 38553
90 95 38680
90 104 43829
91 105 1
92 106 1
93 16 27647
93 19 44561
93 25 12804
93 28 43646
93 29 42241
93 30 46524
93 32 55342
93 33 4933
93 37 37890
93 40 46584
93 41 11656
93 42 44814
93 45 46592
93 46 27647
93 47 27647
93 48 18945
93 49 44561
93 50 24757
93 51 27663
93 52 52733
93 55 53889
93 56 56835
93 58 57092
93 59 62920
93 60 41932
93 61 56209
93 62 50384
93 66 42241
93 67 29120
93 68 46592
93 69 20398
93 70 23300
93 73 28273
93 77 37866
93 78 40780
93 79 61170
93 80 11656
93 81 64658
93 82 58537
93 83 39032
93 99 29128
93 100 61170
93 101 21842
94 108 1
95 109 1
96 16 7592
96 19 2447
96 25 51007
96 28 21350
96 29 24541
96 30 26572
96 32 34965
96 33 60771
96 37 57945
96 40 47865
96 41 2274
96 42 8674
96 44 6483
96 45 5069
96 46 8632
96 47 13678
96 48 56446
96 49 14149
96 52 14530
96 55 59371
96 56 25812
96 58 30572
96 59 61362
96 60 51007
96 61 3158
96 62 7265
96 63 46168
96 64 22854
96 65 43231
96 66 61483
96 67 5876
96 68 35940
96 69 64763
96 73 12951
96 75 54931
96 76 5606
96 80 2274
96 81 2822
96 82 49660
96 83 46508
96 84 41795
96 85 61144
96 86 57187
96 87 1040
96 88 64292
96 89 27791
96 93 42661
96 94 17590
96 95 54526
96 104 36942
97 111 1
98 112 1
99 113 1
100 16 45118
100 19 3172
100 25 23173
100 28 35730
100 29 20034
100 30 31290
100 32 1854
100 33 48964
100 37 20419
100 40 54358
100 41 32551
100 42 56725
100 44 8969
100 45 29996
100 46 47040
100 47 6433
100 48 33538
100 49 11664
100 50 33904
100 51 53235
100 52 42364
100 55 38595
100 56 36715
100 58 58408
100 59 44128
100 60 29658
100 61 48312
100 62 24254
100 63 8037
100 64 29459
100 65 45979
100 66 20034
100 67 30854
100 68 47817
100 69 45338
100 70 49443
100 71 40415
100 72 61080
100 73 40993
100 75 17582
100 76 4303
100 77 2594
100 78 44812
100 79 23843
100 80 14946
100 81 60120
100 82 10265
100 83 32299
100 87 1922
100 88 3080
100 89 63638
100 90 15270
100 96 3680
100 97 42897
100 98 21309
100 99 6485
100 100 43346
100 101 35183
100 113 47932
101 16 19405
101 19 23906
101 25 20611
101 28 23340
101 29 13856
101 30 25258
101 32 17978
101 33 15451
101 37 46132
101 40 62628
101 41 52639
101 42 7817
101 44 56902
101 45 8418
101 46 27275
101 47 39126
101 48 4726
101 49 21050
101 50 25185
101 51 23115
101 52 44926
101 55 2282
101 56 26059
101 58 24263
101 59 28441
101 60 43282
101 61 47186
101 62 56007
101 63 45438
101 64 59840
101 65 45305
101 66 13856
101 67 48320
101 68 11219
101 69 21037
101 70 24114
101 71 9703
101 72 56318
101 73 57438
101 75 5035
101 76 64063
101 77 61498
101 78 43848
101 79 36200
101 80 27889
101 81 34207
101 82 8167
101 83 54498
101 87 7870
101 88 37473
101 89 21870
101 90 46848
101 96 33857
101 97 30233
101 98 57075
101 99 22671
101 100 35608
101 101 10977
101 113 40787
102 16 55344
102 19 30932
102 25 35634
102 28 623
102 29 9181
102 30 11170
102 32 4773
102 33 572
102 37 10193
102 40 48869
102 41 13377
102 42 16429
102 44 8524
102 45 10764
102 46 51881
102 47 42702
102 48 56450
102 49 63693
102 50 46076
102 51 61256
102 52 29903
102 55 19606
102 56 36127
102 58 9775
102 59 36277
102 60 56906
102 61 11407
102 62 55921
102 63 61954
102 64 2677
102 65 5600
102 66 9181
102 67 34823
102 68 3512
102 69 47425
102 70 42020
102 71 42399
102 72 41891
102 73 37896
102 75 39769
102 76 64054
102 77 47831
102 78 1542
102 79 38249
102 80 57206
102 81 46110
102 82 42533
102 83 15423
102 87 62074
102 88 60467
102 89 58314
102 90 26857
102 96 6293
102 97 29892
102 98 8798
102 99 21272
102 100 36137
102 101 3271
102 113 43829
103 114 1
104 16 31569
104 19 31371
104 25 62937
104 28 52939
104 29 3626
104 30 42526
104 32 22472
104 33 12862
104 37 33968
104 40 13595
104 41 19674
104 42 61293
104 44 60002
104 45 52563
104 46 39291
104 47 29853
104 48 7055
104 49 28734
104 50 8057
104 51 32859
104 52 2600
104 55 6961
104 56 2011
104 58 58180
104 59 6055
104 60 11135
104 61 57554
104 62 38114
104 63 32495
104 64 4088
104 65 51376
104 66 26208
104 67 28802
104 68 35855
104 69 55754
104 70 24599
104 73 897
104 75 2103
104 76 33777
104 77 32589
104 78 6244
104 79 43783
104 80 19674
104 81 42672
104 82 27101
104 83 24935
104 84 58883
104 85 3835
104 86 61458
104 87 7721
104 88 4239
104 89 18334
104 93 44280
104 94 9299
104 95 8726
104 99 13735
104 100 39456
104 101 20109
104 102 17565
104 103 40993
104 104 22582
104 108 31457
104 109 19396
104 110 13887
105 16 42097
105 19 61337
105 25 24209
105 28 27951
105 29 49672
105 30 38122
105 32 48814
105 33 40155
105 37 23440
105 40 34945
105 41 41285
105 42 22324
105 44 39117
105 45 37276
105 46 46998
105 47 32584
105 48 35988
105 49 45361
105 50 26990
105 51 29822
105 52 41328
105 55 19848
105 56 33603
105 58 31932
105 59 63102
105 60 17476
105 61 29449
105 62 57248
105 63 65195
105 64 26994
105 65 9732
105 66 51111
105 67 52707
105 68 40174
105 69 24037
105 70 29301
105 73 59044
105 75 56926
105 76 27698
105 77 32088
105 78 12827
105 79 35701
105 80 41285
105 81 65197
105 82 44277
105 83 40764
105 84 12966
105 85 21247
105 86 25622
105 87 4901
105 88 35258
105 89 33473
105 93 27366
105 94 19444
105 95 7918
105 99 58804
105 100 32574
105 101 12045
105 103 4350
105 104 1439
105 110 58630
106 16 35259
106 19 20521
106 25 1897
106 28 11789
106 29 33217
106 30 45868
106 32 30619
106 33 16271
106 37 30278
106 40 25246
106 41 47276
106 42 21735
106 44 30311
106 45 61108
106 46 19948
106 47 22575
106 48 3805
106 49 42911
106 50 51041
106 51 40738
106 52 63640
106 55 42727
106 56 43341
106 58 48206
106 59 27624
106 60 41464
106 61 16358
106 62 17862
106 63 65080
106 64 57841
106 65 2048
106 66 13290
106 67 40543
106 68 54053
106 69 46370
106 70 28389
106 73 38031
106 75 54055
106 76 47856
106 77 5403
106 78 31179
106 79 14104
106 80 47276
106 81 48676
106 82 32153
106 83 51390
106 84 6362
106 85 6489
106 86 34164
106 87 50226
106 88 25165
106 89 22785
106 91 21847
106 92 65536
106 93 14643
106 94 47769
106 95 43326
106 99 39567
106 100 39063
106 101 32450
106 102 54614
106 103 5800
106 104 45610
106 106 21851
106 107 65533
106 108 10923
106 110 34482
107 16 26463
107 19 65259
107 25 25442
107 28 45457
107 29 54888
107 30 51799
107 32 26423
107 33 35253
107 37 39074
107 40 41589
107 41 64006
107 42 65483
107 44 7646
107 45 60280
107 46 27894
107 47 9551
107 48 4425
107 49 51421
107 50 32291
107 51 26484
107 52 40095
107 55 40423
107 56 55843
107 58 25341
107 59 10521
107 60 57971
107 61 30742
107 62 21744
107 63 54005
107 64 52544
107 65 46422
107 66 6473
107 67 40809
107 68 7182
107 69 19631
107 70 9048
107 72 54614
107 73 25757
107 75 39305
107 76 63808
107 77 25328
107 78 31216
107 79 39680
107 80 64006
107 81 14058
107 82 45522
107 83 16754
107 84 41252
107 85 5920
107 86 45552
107 87 1431
107 88 55399
107 89 30380
107 91 50975
107 92 43690
107 93 8601
107 94 22732
107 95 57768
107 99 32529
107 100 12276
107 101 16565
107 102 7283
107 103 51425
107 104 17122
107 105 21846
107 106 23673
107 107 43686
107 108 47332
107 109 19115
107 110 45976
108 16 48557
108 19 25638
108 25 53657
108 28 6512
108 29 58982
108 30 99
108 32 10606
108 33 19058
108 37 16980
108 40 55083
108 41 24541
108 42 53165
108 44 1525
108 45 3264
108 46 31591
108 47 47475
108 48 59857
108 49 29042
108 50 24834
108 51 54124
108 52 11880
108 55 38900
108 56 26680
108 58 50808
108 59 57154
108 60 54697
108 61 52622
108 62 645
108 63 48504
108 64 13794
108 65 46831
108 66 58982
108 67 17107
108 68 41242
108 69 45545
108 70 20361
108 71 60714
108 72 44044
108 73 25812
108 75 29197
108 76 25110
108 77 416
108 78 15610
108 79 43633
108 80 61483
108 81 5876
108 82 35940
108 83 64763
108 87 48571
108 88 21728
108 89 4122
108 90 11011
108 96 15828
108 97 430
108 98 13143
108 99 1040
108 100 64292
108 101 27791
108 113 36942
109 16 36615
109 19 19030
109 25 54601
109 28 18083
109 29 50292
109 30 2869
109 32 14427
109 33 22950
109 37 28922
109 40 49307
109 41 18905
109 42 45765
109 44 12267
109 45 63876
109 46 30014
109 47 15372
109 48 40230
109 49 60500
109 50 30969
109 51 6233
109 52 10936
109 55 41022
109 56 21677
109 58 11940
109 59 11167
109 60 60535
109 61 47944
109 62 39269
109 63 55658
109 64 47979
109 65 14866
109 66 62506
109 67 10896
109 68 29516
109 69 40884
109 70 39339
109 71 50962
109 72 9315
109 73 43832
109 75 19898
109 76 38905
109 77 41952
109 78 32548
109 79 21324
109 80 38359
109 81 51430
109 82 61629
109 83 23458
109 84 31266
109 85 9524
109 86 751
109 87 58936
109 88 26430
109 89 49596
109 90 33275
109 91 31475
109 92 58314
109 93 26246
109 94 56857
109 95 3772
109 96 40630
109 97 14983
109 98 18590
109 99 5934
109 100 25583
109 101 22094
109 102 16959
109 103 19504
109 104 12214
109 105 50959
109 106 16677
109 107 36653
109 108 55839
109 109 14578
109 110 4466
109 113 19454
109 114 4
109 115 32
110 116 1
111 16 5463
111 19 63103
111 25 24728
111 28 29607
111 29 9551
111 30 61227
111 32 29393
111 33 1911
111 37 60074
111 40 10846
111 41 23510
111 42 55765
111 44 43295
111 45 23593
111 46 56583
111 47 43604
111 48 63270
111 49 32244
111 50 14875
111 51 54394
111 52 40809
111 55 37461
111 56 54455
111 58 27010
111 59 2293
111 60 42030
111 61 6741
111 62 62059
111 63 18616
111 64 62308
111 65 31242
111 66 10696
111 67 16004
111 68 35064
111 69 52830
111 70 46367
111 73 33615
111 75 41354
111 76 23922
111 77 20477
111 78 32551
111 79 20538
111 80 23510
111 81 6707
111 82 11865
111 83 45081
111 84 10909
111 85 7934
111 86 19179
111 87 51120
111 88 15710
111 89 22243
111 93 916
111 94 27085
111 95 8623
111 99 17302
111 100 19233
111 101 15870
111 103 54333
111 104 1145
111 110 8403
112 117 1
113 16 22915
113 19 21361
113 25 43539
113 28 64863
113 29 46532
113 30 52290
113 32 64612
113 33 2520
113 37 42622
113 40 29342
113 41 55863
113 42 43184
113 44 48467
113 45 39483
113 46 21531
113 47 324
113 48 17559
113 49 20357
113 50 47826
113 51 52777
113 52 21998
113 55 31133
113 56 54083
113 58 63030
113 59 42527
113 60 51261
113 61 26456
113 62 1070
113 63 39205
113 64 48473
113 65 48924
113 66 5191
113 67 46314
113 68 13340
113 69 59879
113 70 19794
113 71 8945
113 72 16746
113 73 24508
113 75 34957
113 76 18481
113 77 55518
113 78 31098
113 79 7325
113 80 12908
113 81 39182
113 82 9408
113 83 3805
113 84 21374
113 85 23166
113 86 3573
113 87 64153
113 88 9735
113 89 46454
113 90 62057
113 91 53490
113 92 9989
113 93 1721
113 94 53854
113 95 31618
113 96 36769
113 97 14286
113 98 58599
113 99 7721
113 100 4239
113 101 18334
113 104 24196
113 105 51650
113 111 12319
113 112 61567
113 113 22582
114 16 38526
114 19 27431
114 25 52542
114 28 14472
114 29 9171
114 30 39665
114 32 47472
114 33 58158
114 37 27011
114 40 40615
114 41 61516
114 42 57813
114 44 50961
114 45 43188
114 46 34215
114 47 51484
114 48 48273
114 49 25739
114 50 15000
114 51 12364
114 52 12995
114 55 44907
114 56 62524
114 58 48571
114 59 36480
114 60 57443
114 61 10339
114 62 63534
114 63 42644
114 64 28034
114 65 1728
114 66 42993
114 67 46539
114 68 45708
114 69 63588
114 70 59449
114 71 53298
114 72 40772
114 73 1512
114 75 22071
114 76 13546
114 77 54390
114 78 31438
114 79 5286
114 80 62955
114 81 13385
114 82 65520
114 83 2506
114 84 17872
114 85 53352
114 86 56517
114 87 61226
114 88 32236
114 89 42965
114 90 57619
114 92 27628
114 93 1142
114 94 12343
114 95 51948
114 96 56893
114 97 33486
114 98 43480
114 99 4901
114 100 35258
114 101 33473
114 104 33822
114 105 6907
114 112 11204
114 113 1439
115 16 41031
115 19 60123
115 25 53414
115 28 29462
115 29 39704
115 30 52369
115 32 57501
115 33 40997
115 37 24506
115 40 7714
115 41 22482
115 42 43016
115 44 18108
115 45 1954
115 46 18207
115 47 48281
115 48 40861
115 49 12682
115 50 63337
115 51 42492
115 52 12123
115 55 18330
115 56 43578
115 58 13716
115 59 47577
115 60 57937
115 61 17659
115 62 26942
115 63 27622
115 64 35582
115 65 16303
115 66 56006
115 67 14702
115 68 59656
115 69 61074
115 70 24905
115 71 110
115 72 20558
115 73 40755
115 75 30127
115 76 60097
115 77 26840
115 78 14720
115 79 16221
115 80 37414
115 81 54418
115 82 25316
115 83 62497
115 84 4202
115 85 51485
115 86 38493
115 87 42713
115 88 45055
115 89 54070
115 90 12700
115 91 15138
115 92 28697
115 93 42311
115 94 37750
115 95 52248
115 96 19060
115 97 20359
115 98 7209
115 99 4523
115 100 480
115 101 42908
115 102 25230
115 103 63278
115 104 16302
115 105 41068
115 106 3054
115 107 56530
115 108 50733
115 109 55190
115 110 33780
115 113 14932
115 114 46721
115 115 50959
115 116 36725
116 16 13503
116 19 44815
116 25 3312
116 28 27154
116 29 42469
116 30 31926
116 32 31569
116 33 29299
116 37 52034
116 40 1664
116 41 10756
116 42 25099
116 44 13936
116 45 5038
116 46 12210
116 47 6852
116 48 15143
116 49 247
116 50 53817
116 51 6732
116 52 62225
116 55 44943
116 56 16508
116 58 32924
116 59 46077
116 60 38025
116 61 15925
116 62 30327
116 63 2305
116 64 39614
116 65 4106
116 66 54509
116 67 54368
116 68 64810
116 69 28422
116 70 29013
116 71 13310
116 72 23869
116 73 8302
116 75 30954
116 76 56158
116 77 55892
116 78 42235
116 79 6062
116 80 62895
116 81 17295
116 82 31234
116 83 13149
116 84 1215
116 85 46006
116 86 35180
116 87 64244
116 88 28039
116 89 30318
116 90 53316
116 91 15161
116 92 17242
116 93 22417
116 94 34272
116 95 5623
116 96 63026
116 97 34324
116 98 54750
116 99 34713
116 100 53585
116 101 64226
116 102 2053
116 103 27639
116 104 12040
116 105 59465
116 106 8920
116 107 39576
116 108 43421
116 109 23976
116 110 65307
116 111 2
116 112 44816
116 113 52139
116 114 26018
116 115 54002
116 116 64224
116 118 32
117 16 17144
117 19 31379
117 25 11844
117 28 48550
117 29 31711
117 30 28226
117 32 44470
117 33 35303
117 37 48393
117 40 20031
117 41 56340
117 42 29477
117 44 36823
117 45 52768
117 46 45016
117 47 32047
117 48 25116
117 49 27225
117 50 60529
117 51 57139
117 52 53693
117 55 30750
117 56 20063
117 58 18599
117 59 41064
117 60 41621
117 61 17556
117 62 30530
117 63 31682
117 64 37464
117 65 65418
117 66 43091
117 67 32538
117 68 44893
117 69 56953
117 70 2866
117 71 16165
117 72 54356
117 73 23324
117 75 63346
117 76 22381
117 77 20357
117 78 27688
117 79 58850
117 80 24625
117 81 5051
117 82 43778
117 83 27496
117 84 30580
117 85 63687
117 86 43604
117 87 27872
117 88 11448
117 89 34661
117 90 13589
117 93 9104
117 94 47971
117 95 2136
117 96 22440
117 97 37187
117 98 2161
117 99 29777
117 100 12538
117 101 6652
117 103 64075
117 104 11380
117 110 32369
117 113 33822
117 114 6907
117 116 11204
118 16 5569
118 19 13772
118 25 39631
118 28 49823
118 29 29721
118 30 464
118 32 65457
118 33 40165
118 37 59968
118 40 9818
118 41 41300
118 42 64186
118 44 20209
118 45 35937
118 46 27709
118 47 48935
118 48 11396
118 49 27811
118 50 30537
118 51 837
118 52 25906
118 55 1482
118 56 50048
118 58 30891
118 59 39866
118 60 51366
118 61 60427
118 62 20607
118 63 50003
118 64 57788
118 65 3874
118 66 56433
118 67 28037
118 68 7531
118 69 33886
118 70 61811
118 71 52131
118 72 26289
118 73 647
118 75 25774
118 76 41014
118 77 21940
118 78 43698
118 79 53202
118 80 39783
118 81 24268
118 82 44545
118 83 336
118 84 13368
118 85 16256
118 86 38345
118 87 22140
118 88 27428
118 89 28950
118 90 51789
118 91 61608
118 92 42186
118 93 43171
118 94 22853
118 95 8164
118 96 32283
118 97 56878
118 98 49612
118 99 11735
118 100 25680
118 101 48121
118 102 38944
118 103 30167
118 104 26712
118 105 32492
118 106 17720
118 107 55806
118 108 8217
118 109 2093
118 110 28309
118 111 61319
118 112 6331
118 113 64020
118 114 25838
118 115 8927
118 116 11411
118 118 1313
119 119 119
0 1 1
1 4 1
2 5 1
3 6 1
4 10 1
5 11 1
6 12 1
7 13 1
8 14 1
9 15 1
10 0 65536
10 3 65533
10 4 2
10 7 65536
10 12 4
11 20 1
12 21 1
13 22 1
14 23 1
15 24 1
16 25 1
17 26 1
18 27 1
19 28 1
20 2 65536
20 8 65533
20 11 2
20 16 65536
20 23 4
21 3 65536
21 9 65533
21 12 2
21 17 65536
21 24 4
22 34 1
23 35 1
24 36 1
25 37 1
26 38 1
27 39 1
28 40 1
29 41 1
30 42 1
31 43 1
32 44 1
33 45 1
34 7 65536
34 17 65533
34 22 2
34 29 65536
34 38 4
35 8 65536
35 18 65533
35 23 2
35 30 65536
35 39 4
36 9 65536
36 19 65533
36 24 2
36 31 65536
36 40 4
37 52 1
38 53 1
39 54 1
40 55 1
41 56 1
42 16 65535
42 28 65533
42 30 65531
42 37 2
42 46 65535
42 47 65533
42 48 3
42 56 4
43 57 1
44 58 1
45 59 1
46 60 1
47 61 1
48 62 1
49 63 1
50 64 1
51 65 1
52 16 65528
52 28 65521
52 30 65509
52 37 10
52 46 65528
52 47 65521
52 48 12
52 56 16
53 17 65536
53 31 65533
53 38 2
53 47 65536
53 57 4
54 18 65536
54 32 65533
54 39 2
54 48 65536
54 58 4
55 19 65536
55 33 65533
55 40 2
55 49 65536
55 59 4
56 73 1
57 74 1
58 75 1
59 76 1
60 16 34953
60 28 8738
60 29 43692
60 30 24030
60 37 30584
60 44 30585
60 45 4369
60 46 34953
60 47 4371
60 48 4369
60 55 61168
60 56 17476
60 66 43692
60 67 50246
60 68 30583
60 69 45876
61 16 8738
61 28 34952
61 29 43692
61 30 30583
61 37 56799
61 44 56799
61 45 17476
61 46 8738
61 47 17478
61 48 17476
61 55 48061
61 56 4369
61 66 43692
61 67 4369
61 68 56798
61 69 52430
62 16 34948
62 28 8726
62 29 43694
62 30 56781
62 37 30589
62 44 30585
62 45 4363
62 46 34948
62 47 4367
62 48 4367
62 55 61170
62 56 17484
62 66 43694
62 67 17474
62 68 30577
62 69 13112
63 77 1
64 78 1
65 79 1
66 80 1
67 81 1
68 82 1
69 83 1
70 84 1
71 85 1
72 86 1
73 16 34952
73 28 8734
73 29 43693
73 30 56795
73 37 30585
73 44 30585
73 45 4367
73 46 34952
73 47 4371
73 48 4367
73 55 61170
73 56 17478
73 66 43693
73 67 17476
73 68 30581
73 69 13109
74 31 65536
74 49 65533
74 57 2
74 68 65536
74 77 4
75 32 65536
75 50 65533
75 58 2
75 69 65536
75 78 4
76 33 65536
76 51 65533
76 59 2
76 70 65536
76 79 4
77 93 1
78 94 1
79 95 1
80 16 33788
80 19 46240
80 25 19297
80 28 57964
80 29 24758
80 30 52721
80 37 31749
80 40 19297
80 42 38594
80 44 11359
80 45 2039
80 46 8302
80 47 26068
80 48 32805
80 52 46240
80 55 9612
80 56 38740
80 60 19297
80 61 26943
80 62 23120
80 63 42236
80 65 38594
80 66 24758
80 67 31459
80 68 33206
80 69 45803
80 75 18933
80 76 26943
80 87 40051
80 88 15293
80 89 30037
81 16 8447
81 19 53886
81 25 11651
81 28 52721
81 29 55342
81 30 62333
81 37 57090
81 40 11651
81 42 23302
81 44 41069
81 45 16894
81 46 37575
81 47 47477
81 48 8884
81 52 53886
81 55 29710
81 56 58838
81 60 11651
81 61 42235
81 62 26943
81 63 37866
81 65 23302
81 66 55342
81 67 29711
81 68 62916
81 69 12816
81 75 10195
81 76 42235
81 87 29128
81 88 61168
81 89 54614
82 16 51264
82 19 29856
82 25 35681
82 28 62332
82 29 46604
82 30 48350
82 37 14273
82 40 35681
82 42 5825
82 44 59420
82 45 36991
82 46 58546
82 47 28253
82 48 10413
82 52 29856
82 55 40196
82 56 47479
82 60 35681
82 61 59712
82 62 14928
82 63 42235
82 65 5825
82 66 46604
82 67 40196
82 68 15730
82 69 35972
82 75 18933
82 76 59712
82 87 7282
82 88 48061
82 89 5461
83 16 12804
83 19 53889
83 25 11648
83 28 4632
83 29 11656
83 30 44814
83 37 52733
83 40 11648
83 42 23296
83 44 36702
83 45 25616
83 46 41932
83 47 56209
83 48 50384
83 52 53889
83 55 20976
83 56 28273
83 60 11648
83 61 42241
83 62 59713
83 63 37866
83 65 23296
83 66 11656
83 67 64658
83 68 58537
83 69 39032
83 75 10195
83 76 42237
83 87 29128
83 88 61170
83 89 21842
84 96 1
85 97 1
86 98 1
87 99 1
88 100 1
89 101 1
90 102 1
91 103 1
92 19 21845
92 32 43692
92 33 32766
92 40 43692
92 49 21845
92 50 2
92 51 54614
92 58 21845
92 59 10924
92 69 43692
92 70 54614
92 77 43691
92 78 21845
92 79 32769
92 103 21847
93 19 61896
93 25 3641
93 28 50973
93 40 3641
93 42 7282
93 44 7281
93 46 36410
93 47 21845
93 48 20025
93 49 65536
93 52 61896
93 55 14564
93 60 3641
93 61 58255
93 62 30948
93 63 14564
93 64 43690
93 65 7282
93 67 7283
93 68 50971
93 69 18205
93 70 65533
93 75 29128
93 76 58255
93 77 2
93 87 36410
93 88 21845
93 89 5460
93 96 4
94 19 38836
94 25 26701
94 28 2427
94 40 26701
94 42 53402
94 44 9708
94 46 26701
94 47 7281
94 48 26700
94 50 65536
94 52 38836
94 55 63110
94 60 26701
94 61 12135
94 62 19418
94 63 63110
94 64 14562
94 65 31555
94 67 53402
94 68 24270
94 69 46119
94 71 65533
94 75 60683
94 76 33982
94 78 2
94 87 26701
94 88 7281
94 89 7280
94 97 4
95 51 65536
95 72 65533
95 79 2
95 90 65536
95 98 4
96 108 1
97 109 1
98 110 1
99 16 50233
99 19 56064
99 25 16145
99 28 60118
99 29 58678
99 30 11973
99 32 36480
99 33 43175
99 37 15304
99 40 51046
99 41 10403
99 42 14317
99 44 61667
99 45 39247
99 46 33747
99 47 3488
99 48 59175
99 49 9327
99 52 49392
99 55 40348
99 56 37467
99 58 29057
99 59 59670
99 60 16145
99 61 6125
99 62 24696
99 63 14464
99 64 13257
99 65 51257
99 66 61901
99 67 24912
99 68 3358
99 69 22525
99 73 13561
99 75 40530
99 76 56349
99 80 10403
99 81 57642
99 82 1745
99 83 9011
99 84 6920
99 85 58114
99 86 53803
99 87 49051
99 88 61119
99 89 32369
99 93 2578
99 94 28663
99 95 21309
99 104 3223
100 16 21101
100 19 24038
100 25 18229
100 28 6090
100 29 49793
100 30 41085
100 32 56029
100 33 49440
100 37 44436
100 40 61981
100 41 43019
100 42 19051
100 44 4968
100 45 44836
100 46 11795
100 47 54272
100 48 22830
100 49 16013
100 52 47308
100 55 36112
100 56 39079
100 58 9508
100 59 14612
100 60 18229
100 61 25007
100 62 23654
100 63 60426
100 64 26815
100 65 34702
100 66 58853
100 67 24707
100 68 63285
100 69 19393
100 73 2036
100 75 22394
100 76 23746
100 80 43019
100 81 2860
100 82 30074
100 83 13816
100 84 61250
100 85 19016
100 86 29224
100 87 56231
100 88 11885
100 89 16212
100 93 7248
100 94 33100
100 95 5772
100 104 9060
101 16 62962
101 19 24392
101 25 25188
101 28 30383
101 29 11715
101 30 23756
101 32 33436
101 33 60536
101 37 2575
101 40 15339
101 41 35155
101 42 63790
101 44 19366
101 45 46491
101 46 49005
101 47 46721
101 48 55024
101 49 64010
101 52 40349
101 55 30004
101 56 58972
101 58 32101
101 59 64430
101 60 25188
101 61 33859
101 62 52943
101 63 16242
101 64 7248
101 65 59640
101 66 30843
101 67 3567
101 68 41191
101 69 22771
101 73 56188
101 75 9593
101 76 1469
101 80 35155
101 81 29179
101 82 12824
101 83 6232
101 84 60269
101 85 64202
101 86 63323
101 87 51580
101 88 54982
101 89 12067
101 93 2195
101 94 51238
101 95 11376
101 104 19128
102 111 1
103 112 1
104 113 1
105 114 1
106 16 61269
106 19 56474
106 25 9063
106 28 63184
106 29 39806
106 30 50599
106 32 21845
106 37 4268
106 40 9063
106 42 18126
106 44 50067
106 45 13307
106 46 64505
106 47 22528
106 48 61688
106 49 43692
106 50 32766
106 52 56474
106 55 59354
106 56 34267
106 58 43692
106 60 9063
106 61 47411
106 62 28237
106 63 53724
106 64 60683
106 65 3562
106 66 39806
106 67 4338
106 68 16089
106 69 15307
106 70 2
106 71 54614
106 75 41911
106 76 18285
106 77 21845
106 78 10924
106 87 3236
106 88 42720
106 89 33984
106 96 21845
106 97 32769
106 114 21847
107 16 16155
107 19 49408
107 25 16129
107 28 38936
107 29 31229
107 30 23774
107 32 7281
107 33 21845
107 37 49382
107 40 16129
107 42 32258
107 44 60284
107 45 61434
107 46 2669
107 47 47029
107 48 42605
107 49 58256
107 50 21843
107 51 32766
107 52 49408
107 55 58911
107 56 1998
107 58 58256
107 59 43692
107 60 16129
107 61 33279
107 62 24704
107 63 7713
107 64 49357
107 65 27404
107 66 31229
107 67 13874
107 68 5272
107 69 11509
107 70 2
107 71 50975
107 72 54614
107 75 15426
107 76 23571
107 77 7281
107 78 58256
107 79 10924
107 87 52051
107 88 52106
107 89 18613
107 90 54614
107 96 50972
107 98 32769
107 114 50975
108 16 60188
108 19 31688
108 25 6259
108 28 43032
108 29 39120
108 30 14047
108 32 40762
108 33 6348
108 37 5349
108 40 32290
108 41 18817
108 42 27733
108 44 34662
108 45 2778
108 46 44234
108 47 30613
108 48 12908
108 49 2979
108 52 59278
108 55 11807
108 56 37115
108 58 24775
108 59 5568
108 60 6259
108 61 21998
108 62 29639
108 63 6891
108 64 42354
108 65 3534
108 66 55401
108 67 63723
108 68 17253
108 69 4817
108 70 65536
108 73 48279
108 75 19964
108 76 18738
108 80 18817
108 81 61771
108 82 21161
108 83 47221
108 84 31656
108 85 27703
108 86 11136
108 87 49583
108 88 22050
108 89 13931
108 90 65533
108 93 52347
108 94 20238
108 95 36527
108 96 2
108 104 16281
108 111 4
109 16 58405
109 19 20405
109 25 52038
109 28 57376
109 29 52160
109 30 40575
109 32 10658
109 33 30309
109 37 7132
109 40 43056
109 41 46935
109 42 36982
109 44 46216
109 45 3704
109 46 37133
109 47 62663
109 48 60902
109 49 3972
109 52 13499
109 55 59434
109 56 27641
109 58 54879
109 59 51116
109 60 52038
109 61 51179
109 62 39518
109 63 9188
109 64 56472
109 65 4712
109 66 8331
109 67 19427
109 68 23004
109 69 50114
109 71 65536
109 73 20678
109 75 4773
109 76 24984
109 80 46935
109 81 16825
109 82 50059
109 83 62961
109 84 42208
109 85 58783
109 86 14848
109 87 44265
109 88 29400
109 89 62266
109 91 65533
109 93 4259
109 94 26984
109 95 26857
109 97 2
109 104 21708
109 112 4
110 28 21843
110 44 43694
110 45 65527
110 55 43694
110 63 21843
110 64 8
110 65 21845
110 72 65536
110 75 21843
110 76 43696
110 83 43694
110 84 21845
110 92 65533
110 93 43690
110 94 21843
110 95 2
110 98 2
110 105 65536
110 112 21851
111 16 36615
111 19 19030
111 25 54601
111 28 18083
111 29 50292
111 30 2869
111 32 14427
111 33 22950
111 37 28922
111 40 49307
111 41 18905
111 42 45765
111 44 12267
111 45 63876
111 46 30014
111 47 15372
111 48 40230
111 49 60500
111 50 30969
111 51 6233
111 52 10936
111 55 41022
111 56 21677
111 58 11940
111 59 11167
111 60 60535
111 61 47944
111 62 39269
111 63 55658
111 64 47979
111 65 14866
111 66 62506
111 67 10896
111 68 29516
111 69 40884
111 70 39339
111 71 50962
111 72 9315
111 73 43832
111 75 19898
111 76 38905
111 77 41952
111 78 32548
111 79 21324
111 80 38359
111 81 51430
111 82 61629
111 83 23458
111 84 31266
111 85 9524
111 86 751
111 87 58936
111 88 26430
111 89 49596
111 90 33275
111 91 31475
111 92 58314
111 93 26246
111 94 56857
111 95 3772
111 96 40630
111 97 14983
111 98 18590
111 99 5934
111 100 25583
111 101 22094
111 102 16959
111 103 19504
111 104 12214
111 105 50959
111 106 16677
111 107 36653
111 108 55839
111 109 14578
111 110 4466
111 113 19454
111 114 4
111 115 32
112 116 1
113 16 26148
113 19 4229
113 25 38615
113 28 56751
113 29 18477
113 30 40165
113 32 14563
113 33 57250
113 37 39389
113 40 65422
113 41 64295
113 42 47547
113 44 31964
113 45 64981
113 46 6752
113 47 42391
113 48 50705
113 49 59239
113 50 27764
113 51 45736
113 52 26922
113 55 14457
113 56 41389
113 58 40401
113 59 13606
113 60 31625
113 61 45992
113 62 42906
113 63 22874
113 64 27193
113 65 47897
113 66 15716
113 67 54003
113 68 16383
113 69 4279
113 70 11434
113 73 62665
113 75 22701
113 76 29259
113 77 27786
113 78 46191
113 79 46329
113 80 64295
113 81 7832
113 82 24877
113 83 28409
113 84 31518
113 85 44941
113 86 42548
113 87 46141
113 88 41303
113 89 59621
113 93 24006
113 94 29359
113 95 6006
113 99 58547
113 100 7000
113 101 47932
113 102 46141
113 103 51650
113 104 62776
113 108 28835
113 109 12319
113 110 61567
114 117 1
115 16 25375
115 19 48215
115 25 34303
115 28 12331
115 29 19097
115 30 46471
115 32 35563
115 33 20491
115 37 40162
115 40 48366
115 41 31681
115 42 26352
115 44 18393
115 45 1728
115 46 508
115 47 54985
115 48 6609
115 49 52185
115 50 13709
115 51 24452
115 52 31234
115 55 25655
115 56 8454
115 58 48884
115 59 37463
115 60 36211
115 61 48759
115 62 39159
115 63 8725
115 64 63092
115 65 30321
115 66 3443
115 67 51686
115 68 26278
115 69 35939
115 70 4984
115 71 17105
115 72 25037
115 73 2812
115 75 27026
115 76 51374
115 77 17270
115 78 4129
115 79 41658
115 80 10819
115 81 40965
115 82 59391
115 83 27570
115 84 11992
115 85 34426
115 86 31096
115 87 40670
115 88 59474
115 89 46871
115 90 54052
115 91 50975
115 92 49711
115 93 13187
115 94 64882
115 95 5284
115 96 47476
115 97 21120
115 98 50878
115 99 1908
115 100 30174
115 101 18661
115 104 49883
115 105 37004
115 111 43691
115 112 24131
115 113 44675
116 16 51308
116 19 28932
116 25 24256
116 28 57070
116 29 8898
116 30 5038
116 32 45690
116 33 51170
116 37 14229
116 40 37253
116 41 52402
116 42 48998
116 44 48263
116 45 42195
116 46 46407
116 47 60821
116 48 15615
116 49 44908
116 50 23341
116 51 5303
116 52 41281
116 55 9437
116 56 55669
116 58 44865
116 59 37478
116 60 43933
116 61 60663
116 62 58430
116 63 44036
116 64 38533
116 65 55805
116 66 7459
116 67 37923
116 68 39297
116 69 27248
116 70 28633
116 73 12487
116 75 52305
116 76 37839
116 77 51734
116 78 48500
116 79 8959
116 80 52402
116 81 17692
116 82 20079
116 83 20464
116 84 52579
116 85 598
116 86 39915
116 87 60636
116 88 30279
116 89 32064
116 91 65536
116 93 60014
116 94 24252
116 95 57619
116 99 19677
116 100 7232
116 101 58354
116 103 61187
116 104 64098
116 106 65533
116 108 21843
116 109 2
116 110 6907
116 112 2
116 117 21851
117 16 13503
117 19 44815
117 25 3312
117 28 27154
117 29 42469
117 30 31926
117 32 31569
117 33 29299
117 37 52034
117 40 1664
117 41 10756
117 42 25099
117 44 13936
117 45 5038
117 46 12210
117 47 6852
117 48 15143
117 49 247
117 50 53817
117 51 6732
117 52 62225
117 55 44943
117 56 16508
117 58 32924
117 59 46077
117 60 38025
117 61 15925
117 62 30327
117 63 2305
117 64 39614
117 65 4106
117 66 54509
117 67 54368
117 68 64810
117 69 28422
117 70 29013
117 71 13310
117 72 23869
117 73 8302
117 75 30954
117 76 56158
117 77 55892
117 78 42235
117 79 6062
117 80 62895
117 81 17295
117 82 31234
117 83 13149
117 84 1215
117 85 46006
117 86 35180
117 87 64244
117 88 28039
117 89 30318
117 90 53316
117 91 15161
117 92 17242
117 93 22417
117 94 34272
117 95 5623
117 96 63026
117 97 34324
117 98 54750
117 99 34713
117 100 53585
117 101 64226
117 102 2053
117 103 27639
117 104 12040
117 105 59465
117 106 8920
117 107 39576
117 108 43421
117 109 23976
117 110 65307
117 111 2
117 112 44816
117 113 52139
117 114 26018
117 115 54002
117 116 64224
117 118 32
118 16 51432
118 19 43830
118 25 8973
118 28 47277
118 29 64476
118 30 37986
118 32 54630
118 33 31318
118 37 14105
118 40 27866
118 41 13804
118 42 6181
118 44 29805
118 45 58082
118 46 41853
118 47 14676
118 48 59515
118 49 57797
118 50 65179
118 51 19749
118 52 56564
118 55 62830
118 56 22028
118 58 21438
118 59 64899
118 60 25310
118 61 16724
118 62 16693
118 63 27480
118 64 48314
118 65 63069
118 66 329
118 67 61143
118 68 17098
118 69 52173
118 70 56322
118 71 51051
118 72 45801
118 73 45574
118 75 5892
118 76 18261
118 77 47736
118 78 22682
118 79 55043
118 80 59769
118 81 5598
118 82 36320
118 83 64876
118 84 26403
118 85 49947
118 86 55755
118 87 55958
118 88 41606
118 89 182
118 90 916
118 91 49336
118 92 1008
118 93 17266
118 94 22204
118 95 35174
118 96 9805
118 97 55101
118 98 19673
118 99 16337
118 100 27257
118 101 31544
118 102 61404
118 103 32102
118 104 1390
118 105 8143
118 106 29873
118 107 32769
118 108 42005
118 109 61319
118 110 446
118 111 55829
118 112 16540
118 113 45965
118 117 54020
119 119 119
