arnborg_lazard 0 20
[ 0.525000000000000000000000000000, 0.525000000000000000000000000000, 
0.525000000000000000000000000000 ]
bannwarth3 0 284
[ 0.00352112676056338028169014084507, 0.403342590755802420154731204126, 
0.387534715334259075580242015473, 0.363643126363816703035112080936, 
0.270767208887125570323348541956 ]
barry 0 20
[ 0.182500000000000000000000000000, 0.145000000000000000000000000000, 
0.115000000000000000000000000000 ]
bifurcation 0 20
[ 0.247500000000000000000000000000, 0.255000000000000000000000000000, 
0.210000000000000000000000000000 ]
bronstein2 0 1
[ 0.000000000000000000000000000000, 1.00000000000000000000000000000 ]
caprasse 0 56
[ 0.0943877551020408163265306122449, 0.0867346938775510204081632653061, 
0.0832270408163265306122448979592, 0.0727040816326530612244897959184 ]
cassou_nogues 0 24
[ 0.251736111111111111111111111111, 0.347222222222222222222222222222, 
0.347222222222222222222222222222, 0.309027777777777777777777777778 ]
cbms1 0 27
[ 0.0370370370370370370370370370370, 0.0370370370370370370370370370370, 
0.0370370370370370370370370370370 ]
cyclic7 0 924
[ 0.0816291392590093888795187496487, 0.0799823372875320927268979217031, 
0.0783085961657390228818800247372, 0.0768175727591312006896422480838, 
0.0736574933003504432075860647289, 0.0603085586851820618054384288151, 
0.0213358070500927643784786641930 ]
cyclohexane 0 16
[ 0.265625000000000000000000000000, 0.234375000000000000000000000000, 
0.187500000000000000000000000000 ]
czapor_geddes_1 0 8
[ 0.750000000000000000000000000000, 0.750000000000000000000000000000, 
0.453125000000000000000000000000 ]
czapor_geddes_2 0 16
[ 0.652343750000000000000000000000, 0.652343750000000000000000000000, 
0.535156250000000000000000000000, 0.550781250000000000000000000000 ]
czapor_geddes_3 0 4
[ 0.812500000000000000000000000000, 0.625000000000000000000000000000 ]
czapor_geddes_4 0 13
[ 0.414201183431952662721893491124, 0.414201183431952662721893491124, 
0.295857988165680473372781065089 ]
decker2 0 7
[ 0.142857142857142857142857142857, 0.142857142857142857142857142857 ]
DZ1 0 256
[ 0.00390625000000000000000000000000, 0.00390625000000000000000000000000, 
0.00390625000000000000000000000000, 0.00390625000000000000000000000000 ]
DZ2 0 32
[ 0.0742187500000000000000000000000, 0.0332031250000000000000000000000, 
0.0468750000000000000000000000000 ]
EArnold_1 0 6
[ 0.000000000000000000000000000000, 0.166666666666666666666666666667, 
0.0833333333333333333333333333334 ]
eco12 0 1024
[ 0.293648719787597656250000000000, 0.403433799743652343750000000000, 
0.459794044494628906250000000000, 0.480947494506835937500000000000, 
0.472247123718261718750000000000, 0.454635620117187500000000000000, 
0.422735214233398437500000000000, 0.401000976562500000000000000000, 
0.366090774536132812500000000000, 0.320673942565917968750000000000, 
0.175111770629882812500000000000, 0.130525588989257812500000000000 ]
eco4 0 4
[ 0.625000000000000000000000000000, 0.687500000000000000000000000000, 
0.625000000000000000000000000000, 0.750000000000000000000000000000 ]
eco5 0 8
[ 0.593750000000000000000000000000, 0.656250000000000000000000000000, 
0.703125000000000000000000000000, 0.578125000000000000000000000000, 
0.562500000000000000000000000000 ]
filter 0 192
[ 0.0232476128472222222222222222222, 0.0204806857638888888888888888889, 
0.0241156684027777777777777777778, 0.0233018663194444444444444444445, 
0.0237901475694444444444444444445, 0.0217556423611111111111111111111, 
0.0239257812500000000000000000000, 0.0210774739583333333333333333333, 
0.0179036458333333333333333333333 ]
gametwo7 0 1854
[ 0.524263698769621413917137673696, 0.523724033519176008257605643473, 
0.522647030415591700035725548655, 0.521156041516113153402247567579, 
0.522487312775432924991475907365, 0.525061705121088663364089888739, 
0.472804071548847996518213629471 ]
gerdt3 0 1
[ 1.00000000000000000000000000000, 0.000000000000000000000000000000, 
0.000000000000000000000000000000, 1.00000000000000000000000000000 ]
gerdt4 0 10
[ 0.000000000000000000000000000000, 0.220000000000000000000000000000, 
0.220000000000000000000000000000, 0.220000000000000000000000000000, 
0.220000000000000000000000000000, 0.220000000000000000000000000000, 
0.210000000000000000000000000000, 0.180000000000000000000000000000, 
0.140000000000000000000000000000, 0.100000000000000000000000000000 ]
gerdt6 0 32
[ 0.194335937500000000000000000000, 0.132812500000000000000000000000, 
0.152343750000000000000000000000, 0.0996093750000000000000000000000 ]
gerdt 0 30
[ 0.457777777777777777777777777778, 0.338888888888888888888888888889, 
0.405555555555555555555555555556, 0.0133333333333333333333333333333, 
0.308888888888888888888888888889, 0.305555555555555555555555555556, 
0.0355555555555555555555555555556 ]
gonzalez_gonzalez 0 4
[ 0.750000000000000000000000000000, 0.812500000000000000000000000000, 
0.750000000000000000000000000000 ]
hairer1 0 10
[ 0.630000000000000000000000000000, 0.660000000000000000000000000000, 
0.720000000000000000000000000000, 0.780000000000000000000000000000, 
0.780000000000000000000000000000, 0.630000000000000000000000000000, 
0.600000000000000000000000000000, 0.530000000000000000000000000000 ]
hairer2 0 62
[ 0.713319458896982310093652445369, 0.756243496357960457856399583767, 
0.632154006243496357960457856400, 0.822320499479708636836628511966, 
0.834287200832466181061394380853, 0.832726326742976066597294484912, 
0.798647242455775234131113423517, 0.713319458896982310093652445369, 
0.737252861602497398543184183142, 0.746097814776274713839750260145, 
0.741935483870967741935483870968, 0.671436004162330905306971904267, 
0.489334027055150884495317377731 ]
hawes2 0 6
[ 0.666666666666666666666666666667, 0.611111111111111111111111111111, 
0.472222222222222222222222222222 ]
hunecke 0 19
[ 0.0997229916897506925207756232687, 0.0997229916897506925207756232687, 
0.0997229916897506925207756232687, 0.0664819944598337950138504155124, 
0.0609418282548476454293628808864 ]
katsura10 0 1024
[ 0.628694534301757812500000000000, 0.554939270019531250000000000000, 
0.580143928527832031250000000000, 0.569828033447265625000000000000, 
0.563595771789550781250000000000, 0.557103157043457031250000000000, 
0.554445266723632812500000000000, 0.541824340820312500000000000000, 
0.488395690917968750000000000000, 0.358802795410156250000000000000, 
0.258015632629394531250000000000 ]
katsura7 0 128
[ 0.672119140625000000000000000000, 0.602600097656250000000000000000, 
0.631225585937500000000000000000, 0.605957031250000000000000000000, 
0.602905273437500000000000000000, 0.577331542968750000000000000000, 
0.458068847656250000000000000000, 0.287231445312500000000000000000 ]
katsura8 0 256
[ 0.656631469726562500000000000000, 0.585662841796875000000000000000, 
0.613327026367187500000000000000, 0.592514038085937500000000000000, 
0.586044311523437500000000000000, 0.581008911132812500000000000000, 
0.547042846679687500000000000000, 0.419952392578125000000000000000, 
0.276153564453125000000000000000 ]
katsura9 0 512
[ 0.641620635986328125000000000000, 0.569137573242187500000000000000, 
0.595394134521484375000000000000, 0.582321166992187500000000000000, 
0.573333740234375000000000000000, 0.570446014404296875000000000000, 
0.560634613037109375000000000000, 0.516704559326171875000000000000, 
0.386283874511718750000000000000, 0.265460968017578125000000000000 ]
KSS.mgm 0 32
[ 0.278320312500000000000000000000, 0.278320312500000000000000000000, 
0.278320312500000000000000000000, 0.278320312500000000000000000000, 
0.278320312500000000000000000000 ]
l3 0 81
[ 0.0414570949550373418686175887822, 0.0414570949550373418686175887822, 
0.0414570949550373418686175887822, 0.0414570949550373418686175887822 ]
mth191 0 27
[ 0.119341563786008230452674897119, 0.119341563786008230452674897119, 
0.119341563786008230452674897119 ]
nbody1 0 84
[ 0.572845804988662131519274376417, 0.533871882086167800453514739229, 
0.468679138321995464852607709751, 0.581632653061224489795918367347, 
0.506377551020408163265306122449, 0.400226757369614512471655328798 ]
nbody2 0 132
[ 0.418790174471992653810835629017, 0.535181359044995408631772268136, 
0.379189623507805325987144168962, 0.444501836547291092745638200184, 
0.382690541781450872359963269054, 0.362718089990817263544536271809, 
0.193411386593204775022956841139 ]
nbody3 0 99
[ 0.0568309356188144066931945719825, 0.0548923579226609529639832670136, 
0.0505050505050505050505050505050 ]
nbody4 0 102
[ 0.541138023836985774702037677816, 0.496155324875048058439061899269, 
0.467512495194156093810073048827, 0.559304113802383698577470203767, 
0.497693194925028835063437139562, 0.430988081507112648981161091888 ]
nbody5 0 99
[ 0.0628507295173961840628507295174, 0.0615243342516069788797061524334, 
0.0556065707580859096010611162127 ]
nbody6 0 393
[ 0.534791419821429727612351002596, 0.452660748855609294977630156233, 
0.423770953518637220053221451742, 0.484243989925477018303776651192, 
0.419711361031796903832333003127, 0.326638566776087899565552382987, 
0.398202642943625403854994205207 ]
nbody7 0 178
[ 0.361633632117156924630728443378, 0.361633632117156924630728443378, 
0.230021461936624163615705087741, 0.322149981062997096326221436687, 
0.295922232041408913016033329125, 0.201647519252619618735008206035, 
0.000000000000000000000000000000 ]
nbody8 0 166
[ 0.355566845696037160690956597474, 0.344679924517346494411380461606, 
0.237044563797358107127304398316, 0.299027435041370300479024531862, 
0.280955145884743794454928146320, 0.210770794019451299172593990419, 
0.000000000000000000000000000000 ]
nbody9 0 119
[ 0.143987006567332815479132829603, 0.100840336134453781512605042017, 
0.116940894004660687804533578137, 0.0869288892027399194972106489655 ]
noon9 0 19665
[ 0.0102049527914458871839389096117, 0.00837671733806708593192263316734, 
0.00795537301671805177609784640245, 0.00739801799645718466748756132548, 
0.00698831799279166827477460791419, 0.00657779825812333706285080591905, 
0.00623404134689561469126040688266, 0.00585496359728477681304230814012, 
0.00561562024577836917361482430508 ]
ojika2 0 8
[ 0.375000000000000000000000000000, 0.375000000000000000000000000000, 
0.375000000000000000000000000000 ]
ojika3 0 6
[ 0.555555555555555555555555555556, 0.333333333333333333333333333333, 
0.250000000000000000000000000000 ]
rose 0 136
[ 0.0459558823529411764705882352941, 0.0398464532871972318339100346021, 
0.0424956747404844290657439446367 ]
schwartz11 0 2048
[ 0.0271315574645996093750000000000, 0.0286509990692138671875000000000, 
0.0289881229400634765625000000000, 0.0292396545410156250000000000000, 
0.0289971828460693359375000000000, 0.0286662578582763671875000000000, 
0.0277497768402099609375000000000, 0.0261533260345458984375000000000, 
0.0236904621124267578125000000000, 0.0197367668151855468750000000000, 
0.00911402702331542968750000000000 ]
sot1 0 8694
[ 0.000115021854152288934897630549804, 0.0101131781175989575585498810912, 
0.0100523464537627228538501680399, 0.00931367436003316820672118178644, 
0.00199438687001323902335094461598 ]
vor2 0 574
[ 0.00174216027874564459930313588850, 0.453274290084862023334021294419, 
0.390213551214655999223008656169, 0.362651604365720113149364445362, 
0.368205878425135669972926707864, 0.248409595843096310505165778388 ]
