65537
4
256
0 4 1
1 8 1
2 11 1
3 13 1
4 14 1
5 18 1
6 21 1
7 23 1
8 24 1
9 27 1
10 29 1
11 30 1
12 32 1
13 33 1
14 34 1
15 37 1
16 40 1
17 42 1
18 43 1
19 46 1
20 48 1
21 49 1
22 51 1
23 52 1
24 53 1
25 55 1
26 57 1
27 58 1
28 60 1
29 61 1
30 62 1
31 63 1
32 64 1
33 65 1
34 20 1
35 68 1
36 70 1
37 71 1
38 74 1
39 76 1
40 77 1
41 79 1
42 80 1
43 81 1
44 83 1
45 85 1
46 86 1
47 88 1
48 89 1
49 90 1
50 91 1
51 92 1
52 93 1
53 39 1
54 95 1
55 96 1
56 98 1
57 99 1
58 100 1
59 101 1
60 102 1
61 103 1
62 45 1
63 104 1
64 105 1
65 47 1
66 108 1
67 110 1
68 111 1
69 113 1
70 114 1
71 115 1
72 117 1
73 119 1
74 120 1
75 122 1
76 123 1
77 124 1
78 125 1
79 126 1
80 127 1
81 67 1
82 129 1
83 130 1
84 132 1
85 133 1
86 134 1
87 135 1
88 136 1
89 137 1
90 73 1
91 138 1
92 139 1
93 75 1
94 141 1
95 142 1
96 143 1
97 144 1
98 145 1
99 146 1
100 82 1
101 147 1
102 148 1
103 84 1
104 149 1
105 87 1
106 151 1
107 153 1
108 154 1
109 156 1
110 157 1
111 158 1
112 159 1
113 160 1
114 161 1
115 98 1
116 163 1
117 164 1
118 166 1
119 167 1
120 168 1
121 169 1
122 170 1
123 171 1
124 107 1
125 172 1
126 173 1
127 109 1
128 175 1
129 176 1
130 177 1
131 178 1
132 179 1
133 180 1
134 116 1
135 181 1
136 182 1
137 118 1
138 183 1
139 121 1
140 184 1
141 185 1
142 186 1
143 79 1
144 187 1
145 188 1
146 128 1
147 189 1
148 131 1
149 74 1
150 191 1
151 192 1
152 194 1
153 195 1
154 196 1
155 197 1
156 198 1
157 199 1
158 141 1
159 200 1
160 201 1
161 144 1
162 203 1
163 204 1
164 205 1
165 206 1
166 207 1
167 208 1
168 150 1
169 209 1
170 210 1
171 152 1
172 211 1
173 155 1
174 212 1
175 213 1
176 214 1
177 113 1
178 215 1
179 216 1
180 162 1
181 217 1
182 165 1
183 108 1
184 218 1
185 219 1
186 125 1
187 220 1
188 174 1
189 117 1
190 222 1
191 223 1
192 224 1
193 225 1
194 226 1
195 227 1
196 138 1
197 228 1
198 229 1
199 184 1
200 230 1
201 130 1
202 231 1
203 232 1
204 233 1
205 147 1
206 234 1
207 235 1
208 190 1
209 236 1
210 193 1
211 142 1
212 237 1
213 238 1
214 159 1
215 239 1
216 202 1
217 151 1
218 240 1
219 111 1
220 114 1
221 241 1
222 242 1
223 243 1
224 181 1
225 244 1
226 245 1
227 124 1
228 246 1
229 127 1
230 176 1
231 247 1
232 248 1
233 134 1
234 249 1
235 221 1
236 139 1
237 250 1
238 146 1
239 148 1
240 157 1
241 251 1
242 252 1
243 168 1
244 253 1
245 171 1
246 173 1
247 254 1
248 180 1
249 182 1
250 188 1
251 255 1
252 208 1
253 210 1
254 216 1
255 235 1
256 256 256
0 1 30880
0 2 7508
0 3 59402
0 4 30758
1 5 30880
1 6 7508
1 7 59402
1 8 30758
2 6 30880
2 9 7508
2 10 59402
2 11 30758
3 7 30880
3 10 7508
3 12 59402
3 13 30758
4 8 30880
4 11 7508
4 13 59402
4 14 30758
5 15 30880
5 16 7508
5 17 59402
5 18 30758
6 16 30880
6 19 7508
6 20 59402
6 21 30758
7 17 30880
7 20 7508
7 22 59402
7 23 30758
8 18 30880
8 21 7508
8 23 59402
8 24 30758
9 19 30880
9 25 7508
9 26 59402
9 27 30758
10 20 30880
10 26 7508
10 28 59402
10 29 30758
11 21 30880
11 27 7508
11 29 59402
11 30 30758
12 22 30880
12 28 7508
12 31 59402
12 32 30758
13 23 30880
13 29 7508
13 32 59402
13 33 30758
14 24 30880
14 30 7508
14 33 59402
14 34 30758
15 29 30880
15 35 7508
15 36 59402
15 37 30758
16 35 30880
16 38 7508
16 39 59402
16 40 30758
17 36 30880
17 39 7508
17 41 59402
17 42 30758
18 37 30880
18 40 7508
18 42 59402
18 43 30758
19 38 30880
19 44 7508
19 45 59402
19 46 30758
20 39 30880
20 45 7508
20 47 59402
20 48 30758
21 40 30880
21 46 7508
21 48 59402
21 49 30758
22 41 30880
22 47 7508
22 50 59402
22 51 30758
23 42 30880
23 48 7508
23 51 59402
23 52 30758
24 43 30880
24 49 7508
24 52 59402
24 53 30758
25 23 7508
25 44 30880
25 54 59402
25 55 30758
26 45 30880
26 54 7508
26 56 59402
26 57 30758
27 46 30880
27 55 7508
27 57 59402
27 58 30758
28 47 30880
28 56 7508
28 59 59402
28 60 30758
29 48 30880
29 57 7508
29 60 59402
29 61 30758
30 49 30880
30 58 7508
30 61 59402
30 62 30758
31 21 59402
31 50 30880
31 59 7508
31 63 30758
32 51 30880
32 60 7508
32 63 59402
32 64 30758
33 52 30880
33 61 7508
33 64 59402
33 65 30758
34 20 30758
34 53 30880
34 62 7508
34 65 59402
35 57 30880
35 66 7508
35 67 59402
35 68 30758
36 60 30880
36 67 7508
36 69 59402
36 70 30758
37 61 30880
37 68 7508
37 70 59402
37 71 30758
38 66 30880
38 72 7508
38 73 59402
38 74 30758
39 67 30880
39 73 7508
39 75 59402
39 76 30758
40 68 30880
40 74 7508
40 76 59402
40 77 30758
41 69 30880
41 75 7508
41 78 59402
41 79 30758
42 70 30880
42 76 7508
42 79 59402
42 80 30758
43 71 30880
43 77 7508
43 80 59402
43 81 30758
44 42 7508
44 72 30880
44 82 59402
44 83 30758
45 73 30880
45 82 7508
45 84 59402
45 85 30758
46 74 30880
46 83 7508
46 85 59402
46 86 30758
47 75 30880
47 84 7508
47 87 59402
47 88 30758
48 76 30880
48 85 7508
48 88 59402
48 89 30758
49 77 30880
49 86 7508
49 89 59402
49 90 30758
50 40 59402
50 78 30880
50 87 7508
50 91 30758
51 79 30880
51 88 7508
51 91 59402
51 92 30758
52 80 30880
52 89 7508
52 92 59402
52 93 30758
53 39 30758
53 81 30880
53 90 7508
53 93 59402
54 51 7508
54 82 30880
54 94 59402
54 95 30758
55 52 7508
55 83 30880
55 95 59402
55 96 30758
56 84 30880
56 94 7508
56 97 59402
56 98 30758
57 85 30880
57 95 7508
57 98 59402
57 99 30758
58 86 30880
58 96 7508
58 99 59402
58 100 30758
59 46 59402
59 87 30880
59 97 7508
59 101 30758
60 88 30880
60 98 7508
60 101 59402
60 102 30758
61 89 30880
61 99 7508
61 102 59402
61 103 30758
62 45 30758
62 90 30880
62 100 7508
62 103 59402
63 49 59402
63 91 30880
63 101 7508
63 104 30758
64 92 30880
64 102 7508
64 104 59402
64 105 30758
65 47 30758
65 93 30880
65 103 7508
65 105 59402
66 95 30880
66 106 7508
66 107 59402
66 108 30758
67 98 30880
67 107 7508
67 109 59402
67 110 30758
68 99 30880
68 108 7508
68 110 59402
68 111 30758
69 101 30880
69 109 7508
69 112 59402
69 113 30758
70 102 30880
70 110 7508
70 113 59402
70 114 30758
71 103 30880
71 111 7508
71 114 59402
71 115 30758
72 70 7508
72 106 30880
72 116 59402
72 117 30758
73 107 30880
73 116 7508
73 118 59402
73 119 30758
74 108 30880
74 117 7508
74 119 59402
74 120 30758
75 109 30880
75 118 7508
75 121 59402
75 122 30758
76 110 30880
76 119 7508
76 122 59402
76 123 30758
77 111 30880
77 120 7508
77 123 59402
77 124 30758
78 68 59402
78 112 30880
78 121 7508
78 125 30758
79 113 30880
79 122 7508
79 125 59402
79 126 30758
80 114 30880
80 123 7508
80 126 59402
80 127 30758
81 67 30758
81 115 30880
81 124 7508
81 127 59402
82 79 7508
82 116 30880
82 128 59402
82 129 30758
83 80 7508
83 117 30880
83 129 59402
83 130 30758
84 118 30880
84 128 7508
84 131 59402
84 132 30758
85 119 30880
85 129 7508
85 132 59402
85 133 30758
86 120 30880
86 130 7508
86 133 59402
86 134 30758
87 74 59402
87 121 30880
87 131 7508
87 135 30758
88 122 30880
88 132 7508
88 135 59402
88 136 30758
89 123 30880
89 133 7508
89 136 59402
89 137 30758
90 73 30758
90 124 30880
90 134 7508
90 137 59402
91 77 59402
91 125 30880
91 135 7508
91 138 30758
92 126 30880
92 136 7508
92 138 59402
92 139 30758
93 75 30758
93 127 30880
93 137 7508
93 139 59402
94 91 7508
94 128 30880
94 140 59402
94 141 30758
95 92 7508
95 129 30880
95 141 59402
95 142 30758
96 93 7508
96 130 30880
96 142 59402
96 143 30758
97 83 59402
97 131 30880
97 140 7508
97 144 30758
98 132 30880
98 141 7508
98 144 59402
98 145 30758
99 133 30880
99 142 7508
99 145 59402
99 146 30758
100 82 30758
100 134 30880
100 143 7508
100 146 59402
101 86 59402
101 135 30880
101 144 7508
101 147 30758
102 136 30880
102 145 7508
102 147 59402
102 148 30758
103 84 30758
103 137 30880
103 146 7508
103 148 59402
104 90 59402
104 138 30880
104 147 7508
104 149 30758
105 87 30758
105 139 30880
105 148 7508
105 149 59402
106 92 30880
106 102 7508
106 150 59402
106 151 30758
107 141 30880
107 150 7508
107 152 59402
107 153 30758
108 142 30880
108 151 7508
108 153 59402
108 154 30758
109 144 30880
109 152 7508
109 155 59402
109 156 30758
110 145 30880
110 153 7508
110 156 59402
110 157 30758
111 146 30880
111 154 7508
111 157 59402
111 158 30758
112 86 30880
112 99 59402
112 155 7508
112 159 30758
113 147 30880
113 156 7508
113 159 59402
113 160 30758
114 148 30880
114 157 7508
114 160 59402
114 161 30758
115 84 30880
115 98 30758
115 158 7508
115 161 59402
116 113 7508
116 150 30880
116 162 59402
116 163 30758
117 114 7508
117 151 30880
117 163 59402
117 164 30758
118 152 30880
118 162 7508
118 165 59402
118 166 30758
119 153 30880
119 163 7508
119 166 59402
119 167 30758
120 154 30880
120 164 7508
120 167 59402
120 168 30758
121 108 59402
121 155 30880
121 165 7508
121 169 30758
122 156 30880
122 166 7508
122 169 59402
122 170 30758
123 157 30880
123 167 7508
123 170 59402
123 171 30758
124 107 30758
124 158 30880
124 168 7508
124 171 59402
125 111 59402
125 159 30880
125 169 7508
125 172 30758
126 160 30880
126 170 7508
126 172 59402
126 173 30758
127 109 30758
127 161 30880
127 171 7508
127 173 59402
128 125 7508
128 162 30880
128 174 59402
128 175 30758
129 126 7508
129 163 30880
129 175 59402
129 176 30758
130 127 7508
130 164 30880
130 176 59402
130 177 30758
131 117 59402
131 165 30880
131 174 7508
131 178 30758
132 166 30880
132 175 7508
132 178 59402
132 179 30758
133 167 30880
133 176 7508
133 179 59402
133 180 30758
134 116 30758
134 168 30880
134 177 7508
134 180 59402
135 120 59402
135 169 30880
135 178 7508
135 181 30758
136 170 30880
136 179 7508
136 181 59402
136 182 30758
137 118 30758
137 171 30880
137 180 7508
137 182 59402
138 124 59402
138 172 30880
138 181 7508
138 183 30758
139 121 30758
139 173 30880
139 182 7508
139 183 59402
140 77 7508
140 80 59402
140 174 30880
140 184 30758
141 138 7508
141 175 30880
141 184 59402
141 185 30758
142 139 7508
142 176 30880
142 185 59402
142 186 30758
143 75 7508
143 79 30758
143 177 30880
143 186 59402
144 130 59402
144 178 30880
144 184 7508
144 187 30758
145 179 30880
145 185 7508
145 187 59402
145 188 30758
146 128 30758
146 180 30880
146 186 7508
146 188 59402
147 134 59402
147 181 30880
147 187 7508
147 189 30758
148 131 30758
148 182 30880
148 188 7508
148 189 59402
149 73 59402
149 74 30758
149 183 30880
149 189 7508
150 138 30880
150 147 7508
150 190 59402
150 191 30758
151 139 30880
151 148 7508
151 191 59402
151 192 30758
152 184 30880
152 190 7508
152 193 59402
152 194 30758
153 185 30880
153 191 7508
153 194 59402
153 195 30758
154 186 30880
154 192 7508
154 195 59402
154 196 30758
155 130 30880
155 142 59402
155 193 7508
155 197 30758
156 187 30880
156 194 7508
156 197 59402
156 198 30758
157 188 30880
157 195 7508
157 198 59402
157 199 30758
158 128 30880
158 141 30758
158 196 7508
158 199 59402
159 134 30880
159 146 59402
159 197 7508
159 200 30758
160 189 30880
160 198 7508
160 200 59402
160 201 30758
161 131 30880
161 144 30758
161 199 7508
161 201 59402
162 159 7508
162 190 30880
162 202 59402
162 203 30758
163 160 7508
163 191 30880
163 203 59402
163 204 30758
164 161 7508
164 192 30880
164 204 59402
164 205 30758
165 151 59402
165 193 30880
165 202 7508
165 206 30758
166 194 30880
166 203 7508
166 206 59402
166 207 30758
167 195 30880
167 204 7508
167 207 59402
167 208 30758
168 150 30758
168 196 30880
168 205 7508
168 208 59402
169 154 59402
169 197 30880
169 206 7508
169 209 30758
170 198 30880
170 207 7508
170 209 59402
170 210 30758
171 152 30758
171 199 30880
171 208 7508
171 210 59402
172 158 59402
172 200 30880
172 209 7508
172 211 30758
173 155 30758
173 201 30880
173 210 7508
173 211 59402
174 111 7508
174 114 59402
174 202 30880
174 212 30758
175 172 7508
175 203 30880
175 212 59402
175 213 30758
176 173 7508
176 204 30880
176 213 59402
176 214 30758
177 109 7508
177 113 30758
177 205 30880
177 214 59402
178 164 59402
178 206 30880
178 212 7508
178 215 30758
179 207 30880
179 213 7508
179 215 59402
179 216 30758
180 162 30758
180 208 30880
180 214 7508
180 216 59402
181 168 59402
181 209 30880
181 215 7508
181 217 30758
182 165 30758
182 210 30880
182 216 7508
182 217 59402
183 107 59402
183 108 30758
183 211 30880
183 217 7508
184 124 7508
184 127 59402
184 212 30880
184 218 30758
185 183 7508
185 213 30880
185 218 59402
185 219 30758
186 121 7508
186 125 30758
186 214 30880
186 219 59402
187 177 59402
187 215 30880
187 218 7508
187 220 30758
188 174 30758
188 216 30880
188 219 7508
188 220 59402
189 116 59402
189 117 30758
189 217 30880
189 220 7508
190 124 30880
190 134 7508
190 221 59402
190 222 30758
191 183 30880
191 189 7508
191 222 59402
191 223 30758
192 121 30880
192 131 7508
192 223 59402
192 224 30758
193 127 30880
193 139 59402
193 221 7508
193 225 30758
194 218 30880
194 222 7508
194 225 59402
194 226 30758
195 219 30880
195 223 7508
195 226 59402
195 227 30758
196 125 30880
196 138 30758
196 224 7508
196 227 59402
197 177 30880
197 186 59402
197 225 7508
197 228 30758
198 220 30880
198 226 7508
198 228 59402
198 229 30758
199 174 30880
199 184 30758
199 227 7508
199 229 59402
200 116 30880
200 128 59402
200 228 7508
200 230 30758
201 117 30880
201 130 30758
201 229 7508
201 230 59402
202 146 7508
202 148 59402
202 221 30880
202 231 30758
203 200 7508
203 222 30880
203 231 59402
203 232 30758
204 201 7508
204 223 30880
204 232 59402
204 233 30758
205 144 7508
205 147 30758
205 224 30880
205 233 59402
206 192 59402
206 225 30880
206 231 7508
206 234 30758
207 226 30880
207 232 7508
207 234 59402
207 235 30758
208 190 30758
208 227 30880
208 233 7508
208 235 59402
209 196 59402
209 228 30880
209 234 7508
209 236 30758
210 193 30758
210 229 30880
210 235 7508
210 236 59402
211 141 59402
211 142 30758
211 230 30880
211 236 7508
212 158 7508
212 161 59402
212 231 30880
212 237 30758
213 211 7508
213 232 30880
213 237 59402
213 238 30758
214 155 7508
214 159 30758
214 233 30880
214 238 59402
215 205 59402
215 234 30880
215 237 7508
215 239 30758
216 202 30758
216 235 30880
216 238 7508
216 239 59402
217 150 59402
217 151 30758
217 236 30880
217 239 7508
218 107 7508
218 109 59402
218 237 30880
218 240 30758
219 108 7508
219 111 30758
219 238 30880
219 240 59402
220 113 59402
220 114 30758
220 239 30880
220 240 7508
221 171 30880
221 180 7508
221 182 59402
221 241 30758
222 107 30880
222 116 7508
222 241 59402
222 242 30758
223 108 30880
223 117 7508
223 242 59402
223 243 30758
224 169 30880
224 178 7508
224 181 30758
224 243 59402
225 109 30880
225 121 59402
225 241 7508
225 244 30758
226 240 30880
226 242 7508
226 244 59402
226 245 30758
227 111 30880
227 124 30758
227 243 7508
227 245 59402
228 113 30880
228 125 59402
228 244 7508
228 246 30758
229 114 30880
229 127 30758
229 245 7508
229 246 59402
230 163 30880
230 175 59402
230 176 30758
230 246 7508
231 128 7508
231 131 59402
231 241 30880
231 247 30758
232 230 7508
232 242 30880
232 247 59402
232 248 30758
233 130 7508
233 134 30758
233 243 30880
233 248 59402
234 224 59402
234 244 30880
234 247 7508
234 249 30758
235 221 30758
235 245 30880
235 248 7508
235 249 59402
236 138 59402
236 139 30758
236 246 30880
236 249 7508
237 141 7508
237 144 59402
237 247 30880
237 250 30758
238 142 7508
238 146 30758
238 248 30880
238 250 59402
239 147 59402
239 148 30758
239 249 30880
239 250 7508
240 153 7508
240 156 59402
240 157 30758
240 250 30880
241 152 30880
241 162 7508
241 165 59402
241 251 30758
242 153 30880
242 163 7508
242 251 59402
242 252 30758
243 154 30880
243 164 7508
243 168 30758
243 252 59402
244 156 30880
244 169 59402
244 251 7508
244 253 30758
245 157 30880
245 171 30758
245 252 7508
245 253 59402
246 160 30880
246 172 59402
246 173 30758
246 253 7508
247 175 7508
247 178 59402
247 251 30880
247 254 30758
248 176 7508
248 180 30758
248 252 30880
248 254 59402
249 181 59402
249 182 30758
249 253 30880
249 254 7508
250 185 7508
250 187 59402
250 188 30758
250 254 30880
251 194 30880
251 203 7508
251 206 59402
251 255 30758
252 195 30880
252 204 7508
252 208 30758
252 255 59402
253 198 30880
253 209 59402
253 210 30758
253 255 7508
254 213 7508
254 215 59402
254 216 30758
254 255 30880
255 226 30880
255 232 7508
255 234 59402
255 235 30758
0 3 1
1 7 1
2 10 1
3 12 1
4 13 1
5 17 1
6 20 1
7 22 1
8 23 1
9 26 1
10 28 1
11 29 1
12 31 1
13 32 1
14 33 1
15 36 1
16 39 1
17 41 1
18 42 1
19 45 1
20 47 1
21 48 1
22 50 1
23 51 1
24 52 1
25 54 1
26 56 1
27 57 1
28 59 1
29 60 1
30 61 1
31 21 1
32 63 1
33 64 1
34 65 1
35 67 1
36 69 1
37 70 1
38 73 1
39 75 1
40 76 1
41 78 1
42 79 1
43 80 1
44 82 1
45 84 1
46 85 1
47 87 1
48 88 1
49 89 1
50 40 1
51 91 1
52 92 1
53 93 1
54 94 1
55 95 1
56 97 1
57 98 1
58 99 1
59 46 1
60 101 1
61 102 1
62 103 1
63 49 1
64 104 1
65 105 1
66 107 1
67 109 1
68 110 1
69 112 1
70 113 1
71 114 1
72 116 1
73 118 1
74 119 1
75 121 1
76 122 1
77 123 1
78 68 1
79 125 1
80 126 1
81 127 1
82 128 1
83 129 1
84 131 1
85 132 1
86 133 1
87 74 1
88 135 1
89 136 1
90 137 1
91 77 1
92 138 1
93 139 1
94 140 1
95 141 1
96 142 1
97 83 1
98 144 1
99 145 1
100 146 1
101 86 1
102 147 1
103 148 1
104 90 1
105 149 1
106 150 1
107 152 1
108 153 1
109 155 1
110 156 1
111 157 1
112 99 1
113 159 1
114 160 1
115 161 1
116 162 1
117 163 1
118 165 1
119 166 1
120 167 1
121 108 1
122 169 1
123 170 1
124 171 1
125 111 1
126 172 1
127 173 1
128 174 1
129 175 1
130 176 1
131 117 1
132 178 1
133 179 1
134 180 1
135 120 1
136 181 1
137 182 1
138 124 1
139 183 1
140 80 1
141 184 1
142 185 1
143 186 1
144 130 1
145 187 1
146 188 1
147 134 1
148 189 1
149 73 1
150 190 1
151 191 1
152 193 1
153 194 1
154 195 1
155 142 1
156 197 1
157 198 1
158 199 1
159 146 1
160 200 1
161 201 1
162 202 1
163 203 1
164 204 1
165 151 1
166 206 1
167 207 1
168 208 1
169 154 1
170 209 1
171 210 1
172 158 1
173 211 1
174 114 1
175 212 1
176 213 1
177 214 1
178 164 1
179 215 1
180 216 1
181 168 1
182 217 1
183 107 1
184 127 1
185 218 1
186 219 1
187 177 1
188 220 1
189 116 1
190 221 1
191 222 1
192 223 1
193 139 1
194 225 1
195 226 1
196 227 1
197 186 1
198 228 1
199 229 1
200 128 1
201 230 1
202 148 1
203 231 1
204 232 1
205 233 1
206 192 1
207 234 1
208 235 1
209 196 1
210 236 1
211 141 1
212 161 1
213 237 1
214 238 1
215 205 1
216 239 1
217 150 1
218 109 1
219 240 1
220 113 1
221 182 1
222 241 1
223 242 1
224 243 1
225 121 1
226 244 1
227 245 1
228 125 1
229 246 1
230 175 1
231 131 1
232 247 1
233 248 1
234 224 1
235 249 1
236 138 1
237 144 1
238 250 1
239 147 1
240 156 1
241 165 1
242 251 1
243 252 1
244 169 1
245 253 1
246 172 1
247 178 1
248 254 1
249 181 1
250 187 1
251 206 1
252 255 1
253 209 1
254 215 1
255 234 1
256 256 256
0 1 56669
0 2 51290
0 3 26100
0 4 64669
1 5 56669
1 6 51290
1 7 26100
1 8 64669
2 6 56669
2 9 51290
2 10 26100
2 11 64669
3 7 56669
3 10 51290
3 12 26100
3 13 64669
4 8 56669
4 11 51290
4 13 26100
4 14 64669
5 15 56669
5 16 51290
5 17 26100
5 18 64669
6 16 56669
6 19 51290
6 20 26100
6 21 64669
7 17 56669
7 20 51290
7 22 26100
7 23 64669
8 18 56669
8 21 51290
8 23 26100
8 24 64669
9 19 56669
9 25 51290
9 26 26100
9 27 64669
10 20 56669
10 26 51290
10 28 26100
10 29 64669
11 21 56669
11 27 51290
11 29 26100
11 30 64669
12 22 56669
12 28 51290
12 31 26100
12 32 64669
13 23 56669
13 29 51290
13 32 26100
13 33 64669
14 24 56669
14 30 51290
14 33 26100
14 34 64669
15 29 56669
15 35 51290
15 36 26100
15 37 64669
16 35 56669
16 38 51290
16 39 26100
16 40 64669
17 36 56669
17 39 51290
17 41 26100
17 42 64669
18 37 56669
18 40 51290
18 42 26100
18 43 64669
19 38 56669
19 44 51290
19 45 26100
19 46 64669
20 39 56669
20 45 51290
20 47 26100
20 48 64669
21 40 56669
21 46 51290
21 48 26100
21 49 64669
22 41 56669
22 47 51290
22 50 26100
22 51 64669
23 42 56669
23 48 51290
23 51 26100
23 52 64669
24 43 56669
24 49 51290
24 52 26100
24 53 64669
25 23 51290
25 44 56669
25 54 26100
25 55 64669
26 45 56669
26 54 51290
26 56 26100
26 57 64669
27 46 56669
27 55 51290
27 57 26100
27 58 64669
28 47 56669
28 56 51290
28 59 26100
28 60 64669
29 48 56669
29 57 51290
29 60 26100
29 61 64669
30 49 56669
30 58 51290
30 61 26100
30 62 64669
31 21 26100
31 50 56669
31 59 51290
31 63 64669
32 51 56669
32 60 51290
32 63 26100
32 64 64669
33 52 56669
33 61 51290
33 64 26100
33 65 64669
34 20 64669
34 53 56669
34 62 51290
34 65 26100
35 57 56669
35 66 51290
35 67 26100
35 68 64669
36 60 56669
36 67 51290
36 69 26100
36 70 64669
37 61 56669
37 68 51290
37 70 26100
37 71 64669
38 66 56669
38 72 51290
38 73 26100
38 74 64669
39 67 56669
39 73 51290
39 75 26100
39 76 64669
40 68 56669
40 74 51290
40 76 26100
40 77 64669
41 69 56669
41 75 51290
41 78 26100
41 79 64669
42 70 56669
42 76 51290
42 79 26100
42 80 64669
43 71 56669
43 77 51290
43 80 26100
43 81 64669
44 42 51290
44 72 56669
44 82 26100
44 83 64669
45 73 56669
45 82 51290
45 84 26100
45 85 64669
46 74 56669
46 83 51290
46 85 26100
46 86 64669
47 75 56669
47 84 51290
47 87 26100
47 88 64669
48 76 56669
48 85 51290
48 88 26100
48 89 64669
49 77 56669
49 86 51290
49 89 26100
49 90 64669
50 40 26100
50 78 56669
50 87 51290
50 91 64669
51 79 56669
51 88 51290
51 91 26100
51 92 64669
52 80 56669
52 89 51290
52 92 26100
52 93 64669
53 39 64669
53 81 56669
53 90 51290
53 93 26100
54 51 51290
54 82 56669
54 94 26100
54 95 64669
55 52 51290
55 83 56669
55 95 26100
55 96 64669
56 84 56669
56 94 51290
56 97 26100
56 98 64669
57 85 56669
57 95 51290
57 98 26100
57 99 64669
58 86 56669
58 96 51290
58 99 26100
58 100 64669
59 46 26100
59 87 56669
59 97 51290
59 101 64669
60 88 56669
60 98 51290
60 101 26100
60 102 64669
61 89 56669
61 99 51290
61 102 26100
61 103 64669
62 45 64669
62 90 56669
62 100 51290
62 103 26100
63 49 26100
63 91 56669
63 101 51290
63 104 64669
64 92 56669
64 102 51290
64 104 26100
64 105 64669
65 47 64669
65 93 56669
65 103 51290
65 105 26100
66 95 56669
66 106 51290
66 107 26100
66 108 64669
67 98 56669
67 107 51290
67 109 26100
67 110 64669
68 99 56669
68 108 51290
68 110 26100
68 111 64669
69 101 56669
69 109 51290
69 112 26100
69 113 64669
70 102 56669
70 110 51290
70 113 26100
70 114 64669
71 103 56669
71 111 51290
71 114 26100
71 115 64669
72 70 51290
72 106 56669
72 116 26100
72 117 64669
73 107 56669
73 116 51290
73 118 26100
73 119 64669
74 108 56669
74 117 51290
74 119 26100
74 120 64669
75 109 56669
75 118 51290
75 121 26100
75 122 64669
76 110 56669
76 119 51290
76 122 26100
76 123 64669
77 111 56669
77 120 51290
77 123 26100
77 124 64669
78 68 26100
78 112 56669
78 121 51290
78 125 64669
79 113 56669
79 122 51290
79 125 26100
79 126 64669
80 114 56669
80 123 51290
80 126 26100
80 127 64669
81 67 64669
81 115 56669
81 124 51290
81 127 26100
82 79 51290
82 116 56669
82 128 26100
82 129 64669
83 80 51290
83 117 56669
83 129 26100
83 130 64669
84 118 56669
84 128 51290
84 131 26100
84 132 64669
85 119 56669
85 129 51290
85 132 26100
85 133 64669
86 120 56669
86 130 51290
86 133 26100
86 134 64669
87 74 26100
87 121 56669
87 131 51290
87 135 64669
88 122 56669
88 132 51290
88 135 26100
88 136 64669
89 123 56669
89 133 51290
89 136 26100
89 137 64669
90 73 64669
90 124 56669
90 134 51290
90 137 26100
91 77 26100
91 125 56669
91 135 51290
91 138 64669
92 126 56669
92 136 51290
92 138 26100
92 139 64669
93 75 64669
93 127 56669
93 137 51290
93 139 26100
94 91 51290
94 128 56669
94 140 26100
94 141 64669
95 92 51290
95 129 56669
95 141 26100
95 142 64669
96 93 51290
96 130 56669
96 142 26100
96 143 64669
97 83 26100
97 131 56669
97 140 51290
97 144 64669
98 132 56669
98 141 51290
98 144 26100
98 145 64669
99 133 56669
99 142 51290
99 145 26100
99 146 64669
100 82 64669
100 134 56669
100 143 51290
100 146 26100
101 86 26100
101 135 56669
101 144 51290
101 147 64669
102 136 56669
102 145 51290
102 147 26100
102 148 64669
103 84 64669
103 137 56669
103 146 51290
103 148 26100
104 90 26100
104 138 56669
104 147 51290
104 149 64669
105 87 64669
105 139 56669
105 148 51290
105 149 26100
106 92 56669
106 102 51290
106 150 26100
106 151 64669
107 141 56669
107 150 51290
107 152 26100
107 153 64669
108 142 56669
108 151 51290
108 153 26100
108 154 64669
109 144 56669
109 152 51290
109 155 26100
109 156 64669
110 145 56669
110 153 51290
110 156 26100
110 157 64669
111 146 56669
111 154 51290
111 157 26100
111 158 64669
112 86 56669
112 99 26100
112 155 51290
112 159 64669
113 147 56669
113 156 51290
113 159 26100
113 160 64669
114 148 56669
114 157 51290
114 160 26100
114 161 64669
115 84 56669
115 98 64669
115 158 51290
115 161 26100
116 113 51290
116 150 56669
116 162 26100
116 163 64669
117 114 51290
117 151 56669
117 163 26100
117 164 64669
118 152 56669
118 162 51290
118 165 26100
118 166 64669
119 153 56669
119 163 51290
119 166 26100
119 167 64669
120 154 56669
120 164 51290
120 167 26100
120 168 64669
121 108 26100
121 155 56669
121 165 51290
121 169 64669
122 156 56669
122 166 51290
122 169 26100
122 170 64669
123 157 56669
123 167 51290
123 170 26100
123 171 64669
124 107 64669
124 158 56669
124 168 51290
124 171 26100
125 111 26100
125 159 56669
125 169 51290
125 172 64669
126 160 56669
126 170 51290
126 172 26100
126 173 64669
127 109 64669
127 161 56669
127 171 51290
127 173 26100
128 125 51290
128 162 56669
128 174 26100
128 175 64669
129 126 51290
129 163 56669
129 175 26100
129 176 64669
130 127 51290
130 164 56669
130 176 26100
130 177 64669
131 117 26100
131 165 56669
131 174 51290
131 178 64669
132 166 56669
132 175 51290
132 178 26100
132 179 64669
133 167 56669
133 176 51290
133 179 26100
133 180 64669
134 116 64669
134 168 56669
134 177 51290
134 180 26100
135 120 26100
135 169 56669
135 178 51290
135 181 64669
136 170 56669
136 179 51290
136 181 26100
136 182 64669
137 118 64669
137 171 56669
137 180 51290
137 182 26100
138 124 26100
138 172 56669
138 181 51290
138 183 64669
139 121 64669
139 173 56669
139 182 51290
139 183 26100
140 77 51290
140 80 26100
140 174 56669
140 184 64669
141 138 51290
141 175 56669
141 184 26100
141 185 64669
142 139 51290
142 176 56669
142 185 26100
142 186 64669
143 75 51290
143 79 64669
143 177 56669
143 186 26100
144 130 26100
144 178 56669
144 184 51290
144 187 64669
145 179 56669
145 185 51290
145 187 26100
145 188 64669
146 128 64669
146 180 56669
146 186 51290
146 188 26100
147 134 26100
147 181 56669
147 187 51290
147 189 64669
148 131 64669
148 182 56669
148 188 51290
148 189 26100
149 73 26100
149 74 64669
149 183 56669
149 189 51290
150 138 56669
150 147 51290
150 190 26100
150 191 64669
151 139 56669
151 148 51290
151 191 26100
151 192 64669
152 184 56669
152 190 51290
152 193 26100
152 194 64669
153 185 56669
153 191 51290
153 194 26100
153 195 64669
154 186 56669
154 192 51290
154 195 26100
154 196 64669
155 130 56669
155 142 26100
155 193 51290
155 197 64669
156 187 56669
156 194 51290
156 197 26100
156 198 64669
157 188 56669
157 195 51290
157 198 26100
157 199 64669
158 128 56669
158 141 64669
158 196 51290
158 199 26100
159 134 56669
159 146 26100
159 197 51290
159 200 64669
160 189 56669
160 198 51290
160 200 26100
160 201 64669
161 131 56669
161 144 64669
161 199 51290
161 201 26100
162 159 51290
162 190 56669
162 202 26100
162 203 64669
163 160 51290
163 191 56669
163 203 26100
163 204 64669
164 161 51290
164 192 56669
164 204 26100
164 205 64669
165 151 26100
165 193 56669
165 202 51290
165 206 64669
166 194 56669
166 203 51290
166 206 26100
166 207 64669
167 195 56669
167 204 51290
167 207 26100
167 208 64669
168 150 64669
168 196 56669
168 205 51290
168 208 26100
169 154 26100
169 197 56669
169 206 51290
169 209 64669
170 198 56669
170 207 51290
170 209 26100
170 210 64669
171 152 64669
171 199 56669
171 208 51290
171 210 26100
172 158 26100
172 200 56669
172 209 51290
172 211 64669
173 155 64669
173 201 56669
173 210 51290
173 211 26100
174 111 51290
174 114 26100
174 202 56669
174 212 64669
175 172 51290
175 203 56669
175 212 26100
175 213 64669
176 173 51290
176 204 56669
176 213 26100
176 214 64669
177 109 51290
177 113 64669
177 205 56669
177 214 26100
178 164 26100
178 206 56669
178 212 51290
178 215 64669
179 207 56669
179 213 51290
179 215 26100
179 216 64669
180 162 64669
180 208 56669
180 214 51290
180 216 26100
181 168 26100
181 209 56669
181 215 51290
181 217 64669
182 165 64669
182 210 56669
182 216 51290
182 217 26100
183 107 26100
183 108 64669
183 211 56669
183 217 51290
184 124 51290
184 127 26100
184 212 56669
184 218 64669
185 183 51290
185 213 56669
185 218 26100
185 219 64669
186 121 51290
186 125 64669
186 214 56669
186 219 26100
187 177 26100
187 215 56669
187 218 51290
187 220 64669
188 174 64669
188 216 56669
188 219 51290
188 220 26100
189 116 26100
189 117 64669
189 217 56669
189 220 51290
190 124 56669
190 134 51290
190 221 26100
190 222 64669
191 183 56669
191 189 51290
191 222 26100
191 223 64669
192 121 56669
192 131 51290
192 223 26100
192 224 64669
193 127 56669
193 139 26100
193 221 51290
193 225 64669
194 218 56669
194 222 51290
194 225 26100
194 226 64669
195 219 56669
195 223 51290
195 226 26100
195 227 64669
196 125 56669
196 138 64669
196 224 51290
196 227 26100
197 177 56669
197 186 26100
197 225 51290
197 228 64669
198 220 56669
198 226 51290
198 228 26100
198 229 64669
199 174 56669
199 184 64669
199 227 51290
199 229 26100
200 116 56669
200 128 26100
200 228 51290
200 230 64669
201 117 56669
201 130 64669
201 229 51290
201 230 26100
202 146 51290
202 148 26100
202 221 56669
202 231 64669
203 200 51290
203 222 56669
203 231 26100
203 232 64669
204 201 51290
204 223 56669
204 232 26100
204 233 64669
205 144 51290
205 147 64669
205 224 56669
205 233 26100
206 192 26100
206 225 56669
206 231 51290
206 234 64669
207 226 56669
207 232 51290
207 234 26100
207 235 64669
208 190 64669
208 227 56669
208 233 51290
208 235 26100
209 196 26100
209 228 56669
209 234 51290
209 236 64669
210 193 64669
210 229 56669
210 235 51290
210 236 26100
211 141 26100
211 142 64669
211 230 56669
211 236 51290
212 158 51290
212 161 26100
212 231 56669
212 237 64669
213 211 51290
213 232 56669
213 237 26100
213 238 64669
214 155 51290
214 159 64669
214 233 56669
214 238 26100
215 205 26100
215 234 56669
215 237 51290
215 239 64669
216 202 64669
216 235 56669
216 238 51290
216 239 26100
217 150 26100
217 151 64669
217 236 56669
217 239 51290
218 107 51290
218 109 26100
218 237 56669
218 240 64669
219 108 51290
219 111 64669
219 238 56669
219 240 26100
220 113 26100
220 114 64669
220 239 56669
220 240 51290
221 171 56669
221 180 51290
221 182 26100
221 241 64669
222 107 56669
222 116 51290
222 241 26100
222 242 64669
223 108 56669
223 117 51290
223 242 26100
223 243 64669
224 169 56669
224 178 51290
224 181 64669
224 243 26100
225 109 56669
225 121 26100
225 241 51290
225 244 64669
226 240 56669
226 242 51290
226 244 26100
226 245 64669
227 111 56669
227 124 64669
227 243 51290
227 245 26100
228 113 56669
228 125 26100
228 244 51290
228 246 64669
229 114 56669
229 127 64669
229 245 51290
229 246 26100
230 163 56669
230 175 26100
230 176 64669
230 246 51290
231 128 51290
231 131 26100
231 241 56669
231 247 64669
232 230 51290
232 242 56669
232 247 26100
232 248 64669
233 130 51290
233 134 64669
233 243 56669
233 248 26100
234 224 26100
234 244 56669
234 247 51290
234 249 64669
235 221 64669
235 245 56669
235 248 51290
235 249 26100
236 138 26100
236 139 64669
236 246 56669
236 249 51290
237 141 51290
237 144 26100
237 247 56669
237 250 64669
238 142 51290
238 146 64669
238 248 56669
238 250 26100
239 147 26100
239 148 64669
239 249 56669
239 250 51290
240 153 51290
240 156 26100
240 157 64669
240 250 56669
241 152 56669
241 162 51290
241 165 26100
241 251 64669
242 153 56669
242 163 51290
242 251 26100
242 252 64669
243 154 56669
243 164 51290
243 168 64669
243 252 26100
244 156 56669
244 169 26100
244 251 51290
244 253 64669
245 157 56669
245 171 64669
245 252 51290
245 253 26100
246 160 56669
246 172 26100
246 173 64669
246 253 51290
247 175 51290
247 178 26100
247 251 56669
247 254 64669
248 176 51290
248 180 64669
248 252 56669
248 254 26100
249 181 26100
249 182 64669
249 253 56669
249 254 51290
250 185 51290
250 187 26100
250 188 64669
250 254 56669
251 194 56669
251 203 51290
251 206 26100
251 255 64669
252 195 56669
252 204 51290
252 208 64669
252 255 26100
253 198 56669
253 209 26100
253 210 64669
253 255 51290
254 213 51290
254 215 26100
254 216 64669
254 255 56669
255 226 56669
255 232 51290
255 234 26100
255 235 64669
0 2 1
1 6 1
2 9 1
3 10 1
4 11 1
5 16 1
6 19 1
7 20 1
8 21 1
9 25 1
10 26 1
11 27 1
12 28 1
13 29 1
14 30 1
15 35 1
16 38 1
17 39 1
18 40 1
19 44 1
20 45 1
21 46 1
22 47 1
23 48 1
24 49 1
25 23 1
26 54 1
27 55 1
28 56 1
29 57 1
30 58 1
31 59 1
32 60 1
33 61 1
34 62 1
35 66 1
36 67 1
37 68 1
38 72 1
39 73 1
40 74 1
41 75 1
42 76 1
43 77 1
44 42 1
45 82 1
46 83 1
47 84 1
48 85 1
49 86 1
50 87 1
51 88 1
52 89 1
53 90 1
54 51 1
55 52 1
56 94 1
57 95 1
58 96 1
59 97 1
60 98 1
61 99 1
62 100 1
63 101 1
64 102 1
65 103 1
66 106 1
67 107 1
68 108 1
69 109 1
70 110 1
71 111 1
72 70 1
73 116 1
74 117 1
75 118 1
76 119 1
77 120 1
78 121 1
79 122 1
80 123 1
81 124 1
82 79 1
83 80 1
84 128 1
85 129 1
86 130 1
87 131 1
88 132 1
89 133 1
90 134 1
91 135 1
92 136 1
93 137 1
94 91 1
95 92 1
96 93 1
97 140 1
98 141 1
99 142 1
100 143 1
101 144 1
102 145 1
103 146 1
104 147 1
105 148 1
106 102 1
107 150 1
108 151 1
109 152 1
110 153 1
111 154 1
112 155 1
113 156 1
114 157 1
115 158 1
116 113 1
117 114 1
118 162 1
119 163 1
120 164 1
121 165 1
122 166 1
123 167 1
124 168 1
125 169 1
126 170 1
127 171 1
128 125 1
129 126 1
130 127 1
131 174 1
132 175 1
133 176 1
134 177 1
135 178 1
136 179 1
137 180 1
138 181 1
139 182 1
140 77 1
141 138 1
142 139 1
143 75 1
144 184 1
145 185 1
146 186 1
147 187 1
148 188 1
149 189 1
150 147 1
151 148 1
152 190 1
153 191 1
154 192 1
155 193 1
156 194 1
157 195 1
158 196 1
159 197 1
160 198 1
161 199 1
162 159 1
163 160 1
164 161 1
165 202 1
166 203 1
167 204 1
168 205 1
169 206 1
170 207 1
171 208 1
172 209 1
173 210 1
174 111 1
175 172 1
176 173 1
177 109 1
178 212 1
179 213 1
180 214 1
181 215 1
182 216 1
183 217 1
184 124 1
185 183 1
186 121 1
187 218 1
188 219 1
189 220 1
190 134 1
191 189 1
192 131 1
193 221 1
194 222 1
195 223 1
196 224 1
197 225 1
198 226 1
199 227 1
200 228 1
201 229 1
202 146 1
203 200 1
204 201 1
205 144 1
206 231 1
207 232 1
208 233 1
209 234 1
210 235 1
211 236 1
212 158 1
213 211 1
214 155 1
215 237 1
216 238 1
217 239 1
218 107 1
219 108 1
220 240 1
221 180 1
222 116 1
223 117 1
224 178 1
225 241 1
226 242 1
227 243 1
228 244 1
229 245 1
230 246 1
231 128 1
232 230 1
233 130 1
234 247 1
235 248 1
236 249 1
237 141 1
238 142 1
239 250 1
240 153 1
241 162 1
242 163 1
243 164 1
244 251 1
245 252 1
246 253 1
247 175 1
248 176 1
249 254 1
250 185 1
251 203 1
252 204 1
253 255 1
254 213 1
255 232 1
256 256 256
0 1 34696
0 2 29921
0 3 63269
0 4 44067
1 5 34696
1 6 29921
1 7 63269
1 8 44067
2 6 34696
2 9 29921
2 10 63269
2 11 44067
3 7 34696
3 10 29921
3 12 63269
3 13 44067
4 8 34696
4 11 29921
4 13 63269
4 14 44067
5 15 34696
5 16 29921
5 17 63269
5 18 44067
6 16 34696
6 19 29921
6 20 63269
6 21 44067
7 17 34696
7 20 29921
7 22 63269
7 23 44067
8 18 34696
8 21 29921
8 23 63269
8 24 44067
9 19 34696
9 25 29921
9 26 63269
9 27 44067
10 20 34696
10 26 29921
10 28 63269
10 29 44067
11 21 34696
11 27 29921
11 29 63269
11 30 44067
12 22 34696
12 28 29921
12 31 63269
12 32 44067
13 23 34696
13 29 29921
13 32 63269
13 33 44067
14 24 34696
14 30 29921
14 33 63269
14 34 44067
15 29 34696
15 35 29921
15 36 63269
15 37 44067
16 35 34696
16 38 29921
16 39 63269
16 40 44067
17 36 34696
17 39 29921
17 41 63269
17 42 44067
18 37 34696
18 40 29921
18 42 63269
18 43 44067
19 38 34696
19 44 29921
19 45 63269
19 46 44067
20 39 34696
20 45 29921
20 47 63269
20 48 44067
21 40 34696
21 46 29921
21 48 63269
21 49 44067
22 41 34696
22 47 29921
22 50 63269
22 51 44067
23 42 34696
23 48 29921
23 51 63269
23 52 44067
24 43 34696
24 49 29921
24 52 63269
24 53 44067
25 23 29921
25 44 34696
25 54 63269
25 55 44067
26 45 34696
26 54 29921
26 56 63269
26 57 44067
27 46 34696
27 55 29921
27 57 63269
27 58 44067
28 47 34696
28 56 29921
28 59 63269
28 60 44067
29 48 34696
29 57 29921
29 60 63269
29 61 44067
30 49 34696
30 58 29921
30 61 63269
30 62 44067
31 21 63269
31 50 34696
31 59 29921
31 63 44067
32 51 34696
32 60 29921
32 63 63269
32 64 44067
33 52 34696
33 61 29921
33 64 63269
33 65 44067
34 20 44067
34 53 34696
34 62 29921
34 65 63269
35 57 34696
35 66 29921
35 67 63269
35 68 44067
36 60 34696
36 67 29921
36 69 63269
36 70 44067
37 61 34696
37 68 29921
37 70 63269
37 71 44067
38 66 34696
38 72 29921
38 73 63269
38 74 44067
39 67 34696
39 73 29921
39 75 63269
39 76 44067
40 68 34696
40 74 29921
40 76 63269
40 77 44067
41 69 34696
41 75 29921
41 78 63269
41 79 44067
42 70 34696
42 76 29921
42 79 63269
42 80 44067
43 71 34696
43 77 29921
43 80 63269
43 81 44067
44 42 29921
44 72 34696
44 82 63269
44 83 44067
45 73 34696
45 82 29921
45 84 63269
45 85 44067
46 74 34696
46 83 29921
46 85 63269
46 86 44067
47 75 34696
47 84 29921
47 87 63269
47 88 44067
48 76 34696
48 85 29921
48 88 63269
48 89 44067
49 77 34696
49 86 29921
49 89 63269
49 90 44067
50 40 63269
50 78 34696
50 87 29921
50 91 44067
51 79 34696
51 88 29921
51 91 63269
51 92 44067
52 80 34696
52 89 29921
52 92 63269
52 93 44067
53 39 44067
53 81 34696
53 90 29921
53 93 63269
54 51 29921
54 82 34696
54 94 63269
54 95 44067
55 52 29921
55 83 34696
55 95 63269
55 96 44067
56 84 34696
56 94 29921
56 97 63269
56 98 44067
57 85 34696
57 95 29921
57 98 63269
57 99 44067
58 86 34696
58 96 29921
58 99 63269
58 100 44067
59 46 63269
59 87 34696
59 97 29921
59 101 44067
60 88 34696
60 98 29921
60 101 63269
60 102 44067
61 89 34696
61 99 29921
61 102 63269
61 103 44067
62 45 44067
62 90 34696
62 100 29921
62 103 63269
63 49 63269
63 91 34696
63 101 29921
63 104 44067
64 92 34696
64 102 29921
64 104 63269
64 105 44067
65 47 44067
65 93 34696
65 103 29921
65 105 63269
66 95 34696
66 106 29921
66 107 63269
66 108 44067
67 98 34696
67 107 29921
67 109 63269
67 110 44067
68 99 34696
68 108 29921
68 110 63269
68 111 44067
69 101 34696
69 109 29921
69 112 63269
69 113 44067
70 102 34696
70 110 29921
70 113 63269
70 114 44067
71 103 34696
71 111 29921
71 114 63269
71 115 44067
72 70 29921
72 106 34696
72 116 63269
72 117 44067
73 107 34696
73 116 29921
73 118 63269
73 119 44067
74 108 34696
74 117 29921
74 119 63269
74 120 44067
75 109 34696
75 118 29921
75 121 63269
75 122 44067
76 110 34696
76 119 29921
76 122 63269
76 123 44067
77 111 34696
77 120 29921
77 123 63269
77 124 44067
78 68 63269
78 112 34696
78 121 29921
78 125 44067
79 113 34696
79 122 29921
79 125 63269
79 126 44067
80 114 34696
80 123 29921
80 126 63269
80 127 44067
81 67 44067
81 115 34696
81 124 29921
81 127 63269
82 79 29921
82 116 34696
82 128 63269
82 129 44067
83 80 29921
83 117 34696
83 129 63269
83 130 44067
84 118 34696
84 128 29921
84 131 63269
84 132 44067
85 119 34696
85 129 29921
85 132 63269
85 133 44067
86 120 34696
86 130 29921
86 133 63269
86 134 44067
87 74 63269
87 121 34696
87 131 29921
87 135 44067
88 122 34696
88 132 29921
88 135 63269
88 136 44067
89 123 34696
89 133 29921
89 136 63269
89 137 44067
90 73 44067
90 124 34696
90 134 29921
90 137 63269
91 77 63269
91 125 34696
91 135 29921
91 138 44067
92 126 34696
92 136 29921
92 138 63269
92 139 44067
93 75 44067
93 127 34696
93 137 29921
93 139 63269
94 91 29921
94 128 34696
94 140 63269
94 141 44067
95 92 29921
95 129 34696
95 141 63269
95 142 44067
96 93 29921
96 130 34696
96 142 63269
96 143 44067
97 83 63269
97 131 34696
97 140 29921
97 144 44067
98 132 34696
98 141 29921
98 144 63269
98 145 44067
99 133 34696
99 142 29921
99 145 63269
99 146 44067
100 82 44067
100 134 34696
100 143 29921
100 146 63269
101 86 63269
101 135 34696
101 144 29921
101 147 44067
102 136 34696
102 145 29921
102 147 63269
102 148 44067
103 84 44067
103 137 34696
103 146 29921
103 148 63269
104 90 63269
104 138 34696
104 147 29921
104 149 44067
105 87 44067
105 139 34696
105 148 29921
105 149 63269
106 92 34696
106 102 29921
106 150 63269
106 151 44067
107 141 34696
107 150 29921
107 152 63269
107 153 44067
108 142 34696
108 151 29921
108 153 63269
108 154 44067
109 144 34696
109 152 29921
109 155 63269
109 156 44067
110 145 34696
110 153 29921
110 156 63269
110 157 44067
111 146 34696
111 154 29921
111 157 63269
111 158 44067
112 86 34696
112 99 63269
112 155 29921
112 159 44067
113 147 34696
113 156 29921
113 159 63269
113 160 44067
114 148 34696
114 157 29921
114 160 63269
114 161 44067
115 84 34696
115 98 44067
115 158 29921
115 161 63269
116 113 29921
116 150 34696
116 162 63269
116 163 44067
117 114 29921
117 151 34696
117 163 63269
117 164 44067
118 152 34696
118 162 29921
118 165 63269
118 166 44067
119 153 34696
119 163 29921
119 166 63269
119 167 44067
120 154 34696
120 164 29921
120 167 63269
120 168 44067
121 108 63269
121 155 34696
121 165 29921
121 169 44067
122 156 34696
122 166 29921
122 169 63269
122 170 44067
123 157 34696
123 167 29921
123 170 63269
123 171 44067
124 107 44067
124 158 34696
124 168 29921
124 171 63269
125 111 63269
125 159 34696
125 169 29921
125 172 44067
126 160 34696
126 170 29921
126 172 63269
126 173 44067
127 109 44067
127 161 34696
127 171 29921
127 173 63269
128 125 29921
128 162 34696
128 174 63269
128 175 44067
129 126 29921
129 163 34696
129 175 63269
129 176 44067
130 127 29921
130 164 34696
130 176 63269
130 177 44067
131 117 63269
131 165 34696
131 174 29921
131 178 44067
132 166 34696
132 175 29921
132 178 63269
132 179 44067
133 167 34696
133 176 29921
133 179 63269
133 180 44067
134 116 44067
134 168 34696
134 177 29921
134 180 63269
135 120 63269
135 169 34696
135 178 29921
135 181 44067
136 170 34696
136 179 29921
136 181 63269
136 182 44067
137 118 44067
137 171 34696
137 180 29921
137 182 63269
138 124 63269
138 172 34696
138 181 29921
138 183 44067
139 121 44067
139 173 34696
139 182 29921
139 183 63269
140 77 29921
140 80 63269
140 174 34696
140 184 44067
141 138 29921
141 175 34696
141 184 63269
141 185 44067
142 139 29921
142 176 34696
142 185 63269
142 186 44067
143 75 29921
143 79 44067
143 177 34696
143 186 63269
144 130 63269
144 178 34696
144 184 29921
144 187 44067
145 179 34696
145 185 29921
145 187 63269
145 188 44067
146 128 44067
146 180 34696
146 186 29921
146 188 63269
147 134 63269
147 181 34696
147 187 29921
147 189 44067
148 131 44067
148 182 34696
148 188 29921
148 189 63269
149 73 63269
149 74 44067
149 183 34696
149 189 29921
150 138 34696
150 147 29921
150 190 63269
150 191 44067
151 139 34696
151 148 29921
151 191 63269
151 192 44067
152 184 34696
152 190 29921
152 193 63269
152 194 44067
153 185 34696
153 191 29921
153 194 63269
153 195 44067
154 186 34696
154 192 29921
154 195 63269
154 196 44067
155 130 34696
155 142 63269
155 193 29921
155 197 44067
156 187 34696
156 194 29921
156 197 63269
156 198 44067
157 188 34696
157 195 29921
157 198 63269
157 199 44067
158 128 34696
158 141 44067
158 196 29921
158 199 63269
159 134 34696
159 146 63269
159 197 29921
159 200 44067
160 189 34696
160 198 29921
160 200 63269
160 201 44067
161 131 34696
161 144 44067
161 199 29921
161 201 63269
162 159 29921
162 190 34696
162 202 63269
162 203 44067
163 160 29921
163 191 34696
163 203 63269
163 204 44067
164 161 29921
164 192 34696
164 204 63269
164 205 44067
165 151 63269
165 193 34696
165 202 29921
165 206 44067
166 194 34696
166 203 29921
166 206 63269
166 207 44067
167 195 34696
167 204 29921
167 207 63269
167 208 44067
168 150 44067
168 196 34696
168 205 29921
168 208 63269
169 154 63269
169 197 34696
169 206 29921
169 209 44067
170 198 34696
170 207 29921
170 209 63269
170 210 44067
171 152 44067
171 199 34696
171 208 29921
171 210 63269
172 158 63269
172 200 34696
172 209 29921
172 211 44067
173 155 44067
173 201 34696
173 210 29921
173 211 63269
174 111 29921
174 114 63269
174 202 34696
174 212 44067
175 172 29921
175 203 34696
175 212 63269
175 213 44067
176 173 29921
176 204 34696
176 213 63269
176 214 44067
177 109 29921
177 113 44067
177 205 34696
177 214 63269
178 164 63269
178 206 34696
178 212 29921
178 215 44067
179 207 34696
179 213 29921
179 215 63269
179 216 44067
180 162 44067
180 208 34696
180 214 29921
180 216 63269
181 168 63269
181 209 34696
181 215 29921
181 217 44067
182 165 44067
182 210 34696
182 216 29921
182 217 63269
183 107 63269
183 108 44067
183 211 34696
183 217 29921
184 124 29921
184 127 63269
184 212 34696
184 218 44067
185 183 29921
185 213 34696
185 218 63269
185 219 44067
186 121 29921
186 125 44067
186 214 34696
186 219 63269
187 177 63269
187 215 34696
187 218 29921
187 220 44067
188 174 44067
188 216 34696
188 219 29921
188 220 63269
189 116 63269
189 117 44067
189 217 34696
189 220 29921
190 124 34696
190 134 29921
190 221 63269
190 222 44067
191 183 34696
191 189 29921
191 222 63269
191 223 44067
192 121 34696
192 131 29921
192 223 63269
192 224 44067
193 127 34696
193 139 63269
193 221 29921
193 225 44067
194 218 34696
194 222 29921
194 225 63269
194 226 44067
195 219 34696
195 223 29921
195 226 63269
195 227 44067
196 125 34696
196 138 44067
196 224 29921
196 227 63269
197 177 34696
197 186 63269
197 225 29921
197 228 44067
198 220 34696
198 226 29921
198 228 63269
198 229 44067
199 174 34696
199 184 44067
199 227 29921
199 229 63269
200 116 34696
200 128 63269
200 228 29921
200 230 44067
201 117 34696
201 130 44067
201 229 29921
201 230 63269
202 146 29921
202 148 63269
202 221 34696
202 231 44067
203 200 29921
203 222 34696
203 231 63269
203 232 44067
204 201 29921
204 223 34696
204 232 63269
204 233 44067
205 144 29921
205 147 44067
205 224 34696
205 233 63269
206 192 63269
206 225 34696
206 231 29921
206 234 44067
207 226 34696
207 232 29921
207 234 63269
207 235 44067
208 190 44067
208 227 34696
208 233 29921
208 235 63269
209 196 63269
209 228 34696
209 234 29921
209 236 44067
210 193 44067
210 229 34696
210 235 29921
210 236 63269
211 141 63269
211 142 44067
211 230 34696
211 236 29921
212 158 29921
212 161 63269
212 231 34696
212 237 44067
213 211 29921
213 232 34696
213 237 63269
213 238 44067
214 155 29921
214 159 44067
214 233 34696
214 238 63269
215 205 63269
215 234 34696
215 237 29921
215 239 44067
216 202 44067
216 235 34696
216 238 29921
216 239 63269
217 150 63269
217 151 44067
217 236 34696
217 239 29921
218 107 29921
218 109 63269
218 237 34696
218 240 44067
219 108 29921
219 111 44067
219 238 34696
219 240 63269
220 113 63269
220 114 44067
220 239 34696
220 240 29921
221 171 34696
221 180 29921
221 182 63269
221 241 44067
222 107 34696
222 116 29921
222 241 63269
222 242 44067
223 108 34696
223 117 29921
223 242 63269
223 243 44067
224 169 34696
224 178 29921
224 181 44067
224 243 63269
225 109 34696
225 121 63269
225 241 29921
225 244 44067
226 240 34696
226 242 29921
226 244 63269
226 245 44067
227 111 34696
227 124 44067
227 243 29921
227 245 63269
228 113 34696
228 125 63269
228 244 29921
228 246 44067
229 114 34696
229 127 44067
229 245 29921
229 246 63269
230 163 34696
230 175 63269
230 176 44067
230 246 29921
231 128 29921
231 131 63269
231 241 34696
231 247 44067
232 230 29921
232 242 34696
232 247 63269
232 248 44067
233 130 29921
233 134 44067
233 243 34696
233 248 63269
234 224 63269
234 244 34696
234 247 29921
234 249 44067
235 221 44067
235 245 34696
235 248 29921
235 249 63269
236 138 63269
236 139 44067
236 246 34696
236 249 29921
237 141 29921
237 144 63269
237 247 34696
237 250 44067
238 142 29921
238 146 44067
238 248 34696
238 250 63269
239 147 63269
239 148 44067
239 249 34696
239 250 29921
240 153 29921
240 156 63269
240 157 44067
240 250 34696
241 152 34696
241 162 29921
241 165 63269
241 251 44067
242 153 34696
242 163 29921
242 251 63269
242 252 44067
243 154 34696
243 164 29921
243 168 44067
243 252 63269
244 156 34696
244 169 63269
244 251 29921
244 253 44067
245 157 34696
245 171 44067
245 252 29921
245 253 63269
246 160 34696
246 172 63269
246 173 44067
246 253 29921
247 175 29921
247 178 63269
247 251 34696
247 254 44067
248 176 29921
248 180 44067
248 252 34696
248 254 63269
249 181 63269
249 182 44067
249 253 34696
249 254 29921
250 185 29921
250 187 63269
250 188 44067
250 254 34696
251 194 34696
251 203 29921
251 206 63269
251 255 44067
252 195 34696
252 204 29921
252 208 44067
252 255 63269
253 198 34696
253 209 63269
253 210 44067
253 255 29921
254 213 29921
254 215 63269
254 216 44067
254 255 34696
255 226 34696
255 232 29921
255 234 63269
255 235 44067
